i   AlignChn ScoredChain  AlignResNum  AlignResType  AlignRespLDDT      n0chn  n0dom  n0res    d0chn     d0dom     d0res   ipTM_pae  ipSAE_d0chn ipSAE_d0dom    ipSAE 
1       A         B            1           LYS            0.00           199    199     37     5.253     5.253     1.675     0.2060      0.2811      0.2811      0.0398
2       A         B            2           LYS            0.00           199    199    110     5.253     5.253     3.858     0.5218      0.5218      0.5218      0.3777
3       A         B            3           ALA            0.00           199    199    110     5.253     5.253     3.858     0.7455      0.7455      0.7455      0.6183
4       A         B            4           VAL            0.00           199    199    110     5.253     5.253     3.858     0.7733      0.7733      0.7733      0.6532
5       A         B            5           ILE            0.00           199    199    110     5.253     5.253     3.858     0.7738      0.7738      0.7738      0.6532
6       A         B            6           ASN            0.00           199    199    110     5.253     5.253     3.858     0.6499      0.6499      0.6499      0.5060
7       A         B            7           GLY            0.00           199    199    110     5.253     5.253     3.858     0.4959      0.4959      0.4959      0.3513
8       A         B            8           GLU            0.00           199    199    109     5.253     5.253     3.838     0.3938      0.3954      0.3954      0.2618
9       A         B            9           GLN            0.00           199    199    110     5.253     5.253     3.858     0.4549      0.4549      0.4549      0.3149
10      A         B           10           ILE            0.00           199    199    110     5.253     5.253     3.858     0.4791      0.4791      0.4791      0.3377
11      A         B           11           ARG            0.00           199    199    110     5.253     5.253     3.858     0.4311      0.4311      0.4311      0.2954
12      A         B           12           SER            0.00           199    199    110     5.253     5.253     3.858     0.7407      0.7407      0.7407      0.6119
13      A         B           13           ILE            0.00           199    199    110     5.253     5.253     3.858     0.8164      0.8164      0.8164      0.7108
14      A         B           14           SER            0.00           199    199    110     5.253     5.253     3.858     0.7712      0.7712      0.7712      0.6511
15      A         B           15           ASP            0.00           199    199    110     5.253     5.253     3.858     0.7845      0.7845      0.7845      0.6683
16      A         B           16           LEU            0.00           199    199    110     5.253     5.253     3.858     0.8856      0.8856      0.8856      0.8103
17      A         B           17           HIS            0.00           199    199    110     5.253     5.253     3.858     0.9070      0.9070      0.9070      0.8432
18      A         B           18           GLN            0.00           199    199    110     5.253     5.253     3.858     0.8760      0.8760      0.8760      0.7957
19      A         B           19           THR            0.00           199    199    110     5.253     5.253     3.858     0.8908      0.8908      0.8908      0.8183
20      A         B           20           LEU            0.00           199    199    110     5.253     5.253     3.858     0.9090      0.9090      0.9090      0.8464
21      A         B           21           LYS            0.00           199    199    110     5.253     5.253     3.858     0.9158      0.9158      0.9158      0.8572
22      A         B           22           LYS            0.00           199    199    110     5.253     5.253     3.858     0.8770      0.8770      0.8770      0.7977
23      A         B           23           GLU            0.00           199    199    110     5.253     5.253     3.858     0.8771      0.8771      0.8771      0.7977
24      A         B           24           LEU            0.00           199    199    110     5.253     5.253     3.858     0.9047      0.9047      0.9047      0.8398
25      A         B           25           ALA            0.00           199    199    110     5.253     5.253     3.858     0.8812      0.8812      0.8812      0.8043
26      A         B           26           LEU            0.00           199    199    110     5.253     5.253     3.858     0.9097      0.9097      0.9097      0.8475
27      A         B           27           PRO            0.00           199    199    110     5.253     5.253     3.858     0.8568      0.8568      0.8568      0.7689
28      A         B           28           GLU            0.00           199    199    110     5.253     5.253     3.858     0.8259      0.8259      0.8259      0.7257
29      A         B           29           TYR            0.00           199    199    110     5.253     5.253     3.858     0.9148      0.9148      0.9148      0.8560
30      A         B           30           TYR            0.00           199    199    110     5.253     5.253     3.858     0.9395      0.9395      0.9395      0.8956
31      A         B           31           GLY            0.00           199    199    110     5.253     5.253     3.858     0.9011      0.9011      0.9011      0.8353
32      A         B           32           GLU            0.00           199    199    110     5.253     5.253     3.858     0.9201      0.9201      0.9201      0.8645
33      A         B           33           ASN            0.00           199    199    110     5.253     5.253     3.858     0.9404      0.9404      0.9404      0.8974
34      A         B           34           LEU            0.00           199    199    110     5.253     5.253     3.858     0.9579      0.9579      0.9579      0.9269
35      A         B           35           ASP            0.00           199    199    110     5.253     5.253     3.858     0.9654      0.9654      0.9654      0.9398
36      A         B           36           ALA            0.00           199    199    110     5.253     5.253     3.858     0.9626      0.9626      0.9626      0.9348
37      A         B           37           LEU            0.00           199    199    110     5.253     5.253     3.858     0.9652      0.9652      0.9652      0.9394
38      A         B           38           TRP            0.00           199    199    110     5.253     5.253     3.858     0.9641      0.9641      0.9641      0.9372
39      A         B           39           ASP            0.00           199    199    110     5.253     5.253     3.858     0.9629      0.9629      0.9629      0.9355
40      A         B           40           ALA            0.00           199    199    110     5.253     5.253     3.858     0.9510      0.9510      0.9510      0.9152
41      A         B           41           LEU            0.00           199    199    110     5.253     5.253     3.858     0.9527      0.9527      0.9527      0.9181
42      A         B           42           THR            0.00           199    199    110     5.253     5.253     3.858     0.9271      0.9271      0.9271      0.8758
43      A         B           43           GLY            0.00           199    199    110     5.253     5.253     3.858     0.8548      0.8548      0.8548      0.7675
44      A         B           44           TRP            0.00           199    199    110     5.253     5.253     3.858     0.9230      0.9230      0.9230      0.8693
45      A         B           45           VAL            0.00           199    199    110     5.253     5.253     3.858     0.9056      0.9056      0.9056      0.8417
46      A         B           46           GLU            0.00           199    199    110     5.253     5.253     3.858     0.8274      0.8274      0.8274      0.7287
47      A         B           47           TYR            0.00           199    199    110     5.253     5.253     3.858     0.8182      0.8182      0.8182      0.7149
48      A         B           48           PRO            0.00           199    199    110     5.253     5.253     3.858     0.7792      0.7792      0.7792      0.6634
49      A         B           49           LEU            0.00           199    199    110     5.253     5.253     3.858     0.8627      0.8627      0.8627      0.7763
50      A         B           50           VAL            0.00           199    199    110     5.253     5.253     3.858     0.8431      0.8431      0.8431      0.7479
51      A         B           51           LEU            0.00           199    199    110     5.253     5.253     3.858     0.8541      0.8541      0.8541      0.7634
52      A         B           52           GLU            0.00           199    199    110     5.253     5.253     3.858     0.8058      0.8058      0.8058      0.6959
53      A         B           53           TRP            0.00           199    199    110     5.253     5.253     3.858     0.8127      0.8127      0.8127      0.7048
54      A         B           54           ARG            0.00           199    199    110     5.253     5.253     3.858     0.7596      0.7596      0.7596      0.6348
55      A         B           55           GLN            0.00           199    199    110     5.253     5.253     3.858     0.6394      0.6394      0.6394      0.4936
56      A         B           56           PHE            0.00           199    199    110     5.253     5.253     3.858     0.7230      0.7230      0.7230      0.5894
57      A         B           57           GLU            0.00           199    199    110     5.253     5.253     3.858     0.6135      0.6135      0.6135      0.4660
58      A         B           58           GLN            0.00           199    199    110     5.253     5.253     3.858     0.6144      0.6144      0.6144      0.4677
59      A         B           59           SER            0.00           199    199    110     5.253     5.253     3.858     0.5796      0.5796      0.5796      0.4353
60      A         B           60           LYS            0.00           199    199    110     5.253     5.253     3.858     0.5841      0.5841      0.5841      0.4373
61      A         B           61           GLN            0.00           199    199    110     5.253     5.253     3.858     0.4838      0.4838      0.4838      0.3408
62      A         B           62           LEU            0.00           199    199    110     5.253     5.253     3.858     0.5117      0.5117      0.5117      0.3668
63      A         B           63           THR            0.00           199    199    110     5.253     5.253     3.858     0.5366      0.5366      0.5366      0.3914
64      A         B           64           GLU            0.00           199    199    108     5.253     5.253     3.818     0.3650      0.3681      0.3681      0.2395
65      A         B           65           ASN            0.00           199    199    110     5.253     5.253     3.858     0.4546      0.4546      0.4546      0.3149
66      A         B           66           GLY            0.00           199    199    110     5.253     5.253     3.858     0.6019      0.6019      0.6019      0.4554
67      A         B           67           ALA            0.00           199    199    110     5.253     5.253     3.858     0.7692      0.7692      0.7692      0.6479
68      A         B           68           GLU            0.00           199    199    110     5.253     5.253     3.858     0.8383      0.8383      0.8383      0.7409
69      A         B           69           SER            0.00           199    199    110     5.253     5.253     3.858     0.8967      0.8967      0.8967      0.8271
70      A         B           70           VAL            0.00           199    199    110     5.253     5.253     3.858     0.9140      0.9140      0.9140      0.8542
71      A         B           71           LEU            0.00           199    199    110     5.253     5.253     3.858     0.9104      0.9104      0.9104      0.8485
72      A         B           72           GLN            0.00           199    199    110     5.253     5.253     3.858     0.9048      0.9048      0.9048      0.8395
73      A         B           73           VAL            0.00           199    199    110     5.253     5.253     3.858     0.9335      0.9335      0.9335      0.8858
74      A         B           74           PHE            0.00           199    199    110     5.253     5.253     3.858     0.9387      0.9387      0.9387      0.8943
75      A         B           75           ARG            0.00           199    199    110     5.253     5.253     3.858     0.9119      0.9119      0.9119      0.8508
76      A         B           76           GLU            0.00           199    199    110     5.253     5.253     3.858     0.9136      0.9136      0.9136      0.8533
77      A         B           77           ALA            0.00           199    199    110     5.253     5.253     3.858     0.9107      0.9107      0.9107      0.8491
78      A         B           78           LYS            0.00           199    199    110     5.253     5.253     3.858     0.8931      0.8931      0.8931      0.8217
79      A         B           79           ALA            0.00           199    199    110     5.253     5.253     3.858     0.8327      0.8327      0.8327      0.7329
80      A         B           80           GLU            0.00           199    199    110     5.253     5.253     3.858     0.7620      0.7620      0.7620      0.6397
81      A         B           81           GLY            0.00           199    199    110     5.253     5.253     3.858     0.6855      0.6855      0.6855      0.5482
82      A         B           82           ALA            0.00           199    199    110     5.253     5.253     3.858     0.8236      0.8236      0.8236      0.7202
83      A         B           83           ASP            0.00           199    199    110     5.253     5.253     3.858     0.8380      0.8380      0.8380      0.7403
84      A         B           84           ILE            0.00           199    199    110     5.253     5.253     3.858     0.8722      0.8722      0.8722      0.7898
85      A         B           85           THR            0.00           199    199    110     5.253     5.253     3.858     0.8448      0.8448      0.8448      0.7502
86      A         B           86           ILE            0.00           199    199    110     5.253     5.253     3.858     0.8508      0.8508      0.8508      0.7583
87      A         B           87           ILE            0.00           199    199    110     5.253     5.253     3.858     0.8034      0.8034      0.8034      0.6922
88      A         B           88           LEU            0.00           199    199    110     5.253     5.253     3.858     0.6364      0.6364      0.6364      0.4906
89      A         B           89           SER            0.00           199    199    108     5.253     5.253     3.818     0.3331      0.3358      0.3358      0.2126
90      B         A            1           ALA            0.00           199    198      0     5.253     5.240     1.000     0.0379      0.0000      0.0000      0.0000
91      B         A            2           GLN            0.00           199    198      2     5.253     5.240     1.000     0.1083      0.2380      0.2371      0.0112
92      B         A            3           VAL            0.00           199    198     84     5.253     5.240     3.286     0.3167      0.3231      0.3220      0.1600
93      B         A            4           ILE            0.00           199    198     89     5.253     5.240     3.406     0.7523      0.7523      0.7514      0.5694
94      B         A            5           ASN            0.00           199    198     89     5.253     5.240     3.406     0.6939      0.6939      0.6929      0.5001
95      B         A            6           THR            0.00           199    198     89     5.253     5.240     3.406     0.7988      0.7988      0.7980      0.6339
96      B         A            7           PHE            0.00           199    198     89     5.253     5.240     3.406     0.8728      0.8728      0.8722      0.7483
97      B         A            8           ASP            0.00           199    198     89     5.253     5.240     3.406     0.8169      0.8169      0.8162      0.6593
98      B         A            9           GLY            0.00           199    198     89     5.253     5.240     3.406     0.8288      0.8288      0.8281      0.6777
99      B         A           10           VAL            0.00           199    198     89     5.253     5.240     3.406     0.8824      0.8824      0.8819      0.7644
100     B         A           11           ALA            0.00           199    198     89     5.253     5.240     3.406     0.8549      0.8549      0.8543      0.7188
101     B         A           12           ASP            0.00           199    198     89     5.253     5.240     3.406     0.8168      0.8168      0.8160      0.6593
102     B         A           13           TYR            0.00           199    198     89     5.253     5.240     3.406     0.8784      0.8784      0.8779      0.7572
103     B         A           14           LEU            0.00           199    198     89     5.253     5.240     3.406     0.8553      0.8553      0.8547      0.7192
104     B         A           15           GLN            0.00           199    198     89     5.253     5.240     3.406     0.8030      0.8030      0.8022      0.6393
105     B         A           16           THR            0.00           199    198     89     5.253     5.240     3.406     0.7876      0.7876      0.7868      0.6167
106     B         A           17           TYR            0.00           199    198     89     5.253     5.240     3.406     0.8218      0.8218      0.8212      0.6663
107     B         A           18           HIS            0.00           199    198     89     5.253     5.240     3.406     0.8282      0.8282      0.8275      0.6757
108     B         A           19           LYS            0.00           199    198     89     5.253     5.240     3.406     0.7968      0.7968      0.7961      0.6311
109     B         A           20           LEU            0.00           199    198     89     5.253     5.240     3.406     0.8659      0.8659      0.8654      0.7365
110     B         A           21           PRO            0.00           199    198     89     5.253     5.240     3.406     0.8218      0.8218      0.8211      0.6661
111     B         A           22           ASP            0.00           199    198     89     5.253     5.240     3.406     0.6926      0.6926      0.6916      0.4970
112     B         A           23           ASN            0.00           199    198     89     5.253     5.240     3.406     0.8603      0.8603      0.8597      0.7283
113     B         A           24           TYR            0.00           199    198     89     5.253     5.240     3.406     0.9108      0.9108      0.9104      0.8151
114     B         A           25           ILE            0.00           199    198     89     5.253     5.240     3.406     0.9134      0.9134      0.9130      0.8203
115     B         A           26           THR            0.00           199    198     89     5.253     5.240     3.406     0.9286      0.9286      0.9283      0.8489
116     B         A           27           LYS            0.00           199    198     89     5.253     5.240     3.406     0.9209      0.9209      0.9206      0.8350
117     B         A           28           SER            0.00           199    198     89     5.253     5.240     3.406     0.8966      0.8966      0.8961      0.7910
118     B         A           29           GLU            0.00           199    198     89     5.253     5.240     3.406     0.9098      0.9098      0.9094      0.8138
119     B         A           30           ALA            0.00           199    198     89     5.253     5.240     3.406     0.9031      0.9031      0.9027      0.8024
120     B         A           31           GLN            0.00           199    198     89     5.253     5.240     3.406     0.8863      0.8863      0.8858      0.7734
121     B         A           32           ALA            0.00           199    198     89     5.253     5.240     3.406     0.8972      0.8972      0.8968      0.7917
122     B         A           33           LEU            0.00           199    198     89     5.253     5.240     3.406     0.8903      0.8903      0.8899      0.7789
123     B         A           34           GLY            0.00           199    198     89     5.253     5.240     3.406     0.8622      0.8622      0.8616      0.7335
124     B         A           35           TRP            0.00           199    198     89     5.253     5.240     3.406     0.9164      0.9164      0.9161      0.8265
125     B         A           36           VAL            0.00           199    198     89     5.253     5.240     3.406     0.9008      0.9008      0.9004      0.7991
126     B         A           37           ALA            0.00           199    198     89     5.253     5.240     3.406     0.8682      0.8682      0.8677      0.7456
127     B         A           38           SER            0.00           199    198     89     5.253     5.240     3.406     0.8659      0.8659      0.8654      0.7429
128     B         A           39           LYS            0.00           199    198     89     5.253     5.240     3.406     0.8698      0.8698      0.8693      0.7473
129     B         A           40           GLY            0.00           199    198     89     5.253     5.240     3.406     0.8681      0.8681      0.8676      0.7429
130     B         A           41           ASN            0.00           199    198     89     5.253     5.240     3.406     0.8908      0.8908      0.8903      0.7803
131     B         A           42           LEU            0.00           199    198     89     5.253     5.240     3.406     0.8956      0.8956      0.8951      0.7888
132     B         A           43           ALA            0.00           199    198     89     5.253     5.240     3.406     0.8749      0.8749      0.8743      0.7528
133     B         A           44           ASP            0.00           199    198     89     5.253     5.240     3.406     0.8272      0.8272      0.8265      0.6770
134     B         A           45           VAL            0.00           199    198     89     5.253     5.240     3.406     0.8303      0.8303      0.8297      0.6817
135     B         A           46           ALA            0.00           199    198     89     5.253     5.240     3.406     0.8162      0.8162      0.8155      0.6609
136     B         A           47           PRO            0.00           199    198     89     5.253     5.240     3.406     0.7540      0.7540      0.7531      0.5745
137     B         A           48           GLY            0.00           199    198     89     5.253     5.240     3.406     0.7470      0.7470      0.7461      0.5641
138     B         A           49           LYS            0.00           199    198     89     5.253     5.240     3.406     0.8941      0.8941      0.8936      0.7855
139     B         A           50           SER            0.00           199    198     89     5.253     5.240     3.406     0.9111      0.9111      0.9107      0.8161
140     B         A           51           ILE            0.00           199    198     89     5.253     5.240     3.406     0.9216      0.9216      0.9213      0.8359
141     B         A           52           GLY            0.00           199    198     89     5.253     5.240     3.406     0.8587      0.8587      0.8581      0.7275
142     B         A           53           GLY            0.00           199    198     89     5.253     5.240     3.406     0.8619      0.8619      0.8613      0.7320
143     B         A           54           ASP            0.00           199    198     89     5.253     5.240     3.406     0.9090      0.9090      0.9086      0.8119
144     B         A           55           ILE            0.00           199    198     89     5.253     5.240     3.406     0.9139      0.9139      0.9136      0.8210
145     B         A           56           PHE            0.00           199    198     89     5.253     5.240     3.406     0.9346      0.9346      0.9343      0.8600
146     B         A           57           SER            0.00           199    198     89     5.253     5.240     3.406     0.8955      0.8955      0.8950      0.7883
147     B         A           58           ASN            0.00           199    198     89     5.253     5.240     3.406     0.9269      0.9269      0.9265      0.8449
148     B         A           59           ARG            0.00           199    198     89     5.253     5.240     3.406     0.9184      0.9184      0.9181      0.8292
149     B         A           60           GLU            0.00           199    198     89     5.253     5.240     3.406     0.9284      0.9284      0.9281      0.8482
150     B         A           61           GLY            0.00           199    198     89     5.253     5.240     3.406     0.9119      0.9119      0.9115      0.8166
151     B         A           62           LYS            0.00           199    198     89     5.253     5.240     3.406     0.8978      0.8978      0.8973      0.7912
152     B         A           63           LEU            0.00           199    198     89     5.253     5.240     3.406     0.9033      0.9033      0.9028      0.8007
153     B         A           64           PRO            0.00           199    198     89     5.253     5.240     3.406     0.7952      0.7952      0.7944      0.6292
154     B         A           65           GLY            0.00           199    198     89     5.253     5.240     3.406     0.5805      0.5805      0.5794      0.3769
155     B         A           66           LYS            0.00           199    198     89     5.253     5.240     3.406     0.5796      0.5796      0.5785      0.3772
156     B         A           67           SER            0.00           199    198     89     5.253     5.240     3.406     0.5495      0.5495      0.5483      0.3460
157     B         A           68           GLY            0.00           199    198     89     5.253     5.240     3.406     0.5927      0.5927      0.5916      0.3879
158     B         A           69           ARG            0.00           199    198     89     5.253     5.240     3.406     0.8020      0.8020      0.8013      0.6376
159     B         A           70           THR            0.00           199    198     89     5.253     5.240     3.406     0.7927      0.7927      0.7919      0.6271
160     B         A           71           TRP            0.00           199    198     89     5.253     5.240     3.406     0.9103      0.9103      0.9099      0.8142
161     B         A           72           ARG            0.00           199    198     89     5.253     5.240     3.406     0.9181      0.9181      0.9178      0.8292
162     B         A           73           GLU            0.00           199    198     89     5.253     5.240     3.406     0.8916      0.8916      0.8911      0.7818
163     B         A           74           ALA            0.00           199    198     89     5.253     5.240     3.406     0.9097      0.9097      0.9093      0.8141
164     B         A           75           ASP            0.00           199    198     89     5.253     5.240     3.406     0.9228      0.9228      0.9225      0.8383
165     B         A           76           ILE            0.00           199    198     89     5.253     5.240     3.406     0.9182      0.9182      0.9178      0.8294
166     B         A           77           ASN            0.00           199    198     89     5.253     5.240     3.406     0.8433      0.8433      0.8426      0.7020
167     B         A           78           TYR            0.00           199    198     89     5.253     5.240     3.406     0.7505      0.7505      0.7496      0.5725
168     B         A           79           THR            0.00           199    198     89     5.253     5.240     3.406     0.5064      0.5064      0.5053      0.3138
169     B         A           80           SER            0.00           199    198     89     5.253     5.240     3.406     0.7364      0.7364      0.7355      0.5548
170     B         A           81           GLY            0.00           199    198     89     5.253     5.240     3.406     0.8584      0.8584      0.8579      0.7263
171     B         A           82           PHE            0.00           199    198     89     5.253     5.240     3.406     0.8585      0.8585      0.8579      0.7287
172     B         A           83           ARG            0.00           199    198     89     5.253     5.240     3.406     0.8832      0.8832      0.8827      0.7688
173     B         A           84           ASN            0.00           199    198     89     5.253     5.240     3.406     0.8709      0.8709      0.8704      0.7490
174     B         A           85           SER            0.00           199    198     89     5.253     5.240     3.406     0.8482      0.8482      0.8476      0.7135
175     B         A           86           ASP            0.00           199    198     89     5.253     5.240     3.406     0.9196      0.9196      0.9192      0.8324
176     B         A           87           ARG            0.00           199    198     89     5.253     5.240     3.406     0.9193      0.9193      0.9189      0.8317
177     B         A           88           ILE            0.00           199    198     89     5.253     5.240     3.406     0.9263      0.9263      0.9259      0.8445
178     B         A           89           LEU            0.00           199    198     89     5.253     5.240     3.406     0.9078      0.9078      0.9074      0.8101
179     B         A           90           TYR            0.00           199    198     89     5.253     5.240     3.406     0.9268      0.9268      0.9265      0.8450
180     B         A           91           SER            0.00           199    198     89     5.253     5.240     3.406     0.8765      0.8765      0.8760      0.7544
181     B         A           92           SER            0.00           199    198     89     5.253     5.240     3.406     0.8789      0.8789      0.8784      0.7579
182     B         A           93           ASP            0.00           199    198     89     5.253     5.240     3.406     0.8528      0.8528      0.8522      0.7143
183     B         A           94           TRP            0.00           199    198     89     5.253     5.240     3.406     0.8582      0.8582      0.8576      0.7234
184     B         A           95           LEU            0.00           199    198     89     5.253     5.240     3.406     0.8694      0.8694      0.8689      0.7424
185     B         A           96           ILE            0.00           199    198     89     5.253     5.240     3.406     0.8649      0.8649      0.8644      0.7352
186     B         A           97           TYR            0.00           199    198     89     5.253     5.240     3.406     0.9185      0.9185      0.9181      0.8293
187     B         A           98           LYS            0.00           199    198     89     5.253     5.240     3.406     0.8237      0.8237      0.8230      0.6741
188     B         A           99           THR            0.00           199    198     89     5.253     5.240     3.406     0.9231      0.9231      0.9228      0.8383
189     B         A          100           THR            0.00           199    198     89     5.253     5.240     3.406     0.8976      0.8976      0.8971      0.7923
190     B         A          101           ASP            0.00           199    198     89     5.253     5.240     3.406     0.9433      0.9433      0.9430      0.8773
191     B         A          102           HIS            0.00           199    198     89     5.253     5.240     3.406     0.9488      0.9488      0.9485      0.8887
192     B         A          103           TYR            0.00           199    198     89     5.253     5.240     3.406     0.9438      0.9438      0.9436      0.8787
193     B         A          104           GLN            0.00           199    198     89     5.253     5.240     3.406     0.9185      0.9185      0.9181      0.8306
194     B         A          105           THR            0.00           199    198     89     5.253     5.240     3.406     0.9189      0.9189      0.9185      0.8305
195     B         A          106           PHE            0.00           199    198     89     5.253     5.240     3.406     0.9207      0.9207      0.9203      0.8334
196     B         A          107           THR            0.00           199    198     89     5.253     5.240     3.406     0.8520      0.8520      0.8514      0.7155
197     B         A          108           LYS            0.00           199    198     89     5.253     5.240     3.406     0.8332      0.8332      0.8326      0.6833
198     B         A          109           ILE            0.00           199    198     89     5.253     5.240     3.406     0.5976      0.5976      0.5965      0.3929
199     B         A          110           ARG            0.00           199    198     82     5.253     5.240     3.236     0.3090      0.3174      0.3163      0.1536
