i   AlignChn ScoredChain  AlignResNum  AlignResType  AlignRespLDDT      n0chn  n0dom  n0res    d0chn     d0dom     d0res   ipTM_pae  ipSAE_d0chn ipSAE_d0dom    ipSAE 
1       A         B            1           LYS            0.00           411    396      0     7.306     7.189     1.000     0.1462      0.0000      0.0000      0.0000
2       A         B            2           VAL            0.00           411    396     93     7.306     7.189     3.498     0.3345      0.4149      0.4072      0.1414
3       A         B            3           CYS            0.00           411    396    146     7.306     7.189     4.498     0.3712      0.4230      0.4153      0.2197
4       A         B            4           ASN            0.00           411    396    153     7.306     7.189     4.608     0.3818      0.4328      0.4251      0.2355
5       A         B            5           GLY            0.00           411    396    116     7.306     7.189     3.975     0.3536      0.4222      0.4145      0.1800
6       A         B            6           ILE            0.00           411    396     85     7.306     7.189     3.310     0.3278      0.4174      0.4097      0.1301
7       A         B            7           GLY            0.00           411    396     36     7.306     7.189     1.621     0.2667      0.3989      0.3913      0.0320
8       A         B            8           ILE            0.00           411    396     38     7.306     7.189     1.726     0.2660      0.4082      0.4005      0.0375
9       A         B            9           GLY            0.00           411    396     19     7.306     7.189     1.000     0.2449      0.3861      0.3785      0.0117
10      A         B           10           GLU            0.00           411    396     30     7.306     7.189     1.258     0.2612      0.3864      0.3788      0.0184
11      A         B           11           PHE            0.00           411    396     51     7.306     7.189     2.294     0.2981      0.4080      0.4003      0.0644
12      A         B           12           LYS            0.00           411    396     29     7.306     7.189     1.189     0.2494      0.3925      0.3849      0.0169
13      A         B           13           ASP            0.00           411    396     42     7.306     7.189     1.920     0.2695      0.4022      0.3946      0.0450
14      A         B           14           SER            0.00           411    396     87     7.306     7.189     3.359     0.3284      0.4261      0.4184      0.1383
15      A         B           15           LEU            0.00           411    396    133     7.306     7.189     4.282     0.3644      0.4321      0.4244      0.2103
16      A         B           16           SER            0.00           411    396    164     7.306     7.189     4.774     0.3961      0.4471      0.4394      0.2606
17      A         B           17           ILE            0.00           411    396    165     7.306     7.189     4.788     0.3991      0.4491      0.4414      0.2635
18      A         B           18           ASN            0.00           411    396    162     7.306     7.189     4.744     0.3916      0.4425      0.4348      0.2542
19      A         B           19           ALA            0.00           411    396    168     7.306     7.189     4.832     0.4015      0.4529      0.4451      0.2697
20      A         B           20           THR            0.00           411    396    115     7.306     7.189     3.956     0.3524      0.4344      0.4266      0.1867
21      A         B           21           ASN            0.00           411    396    129     7.306     7.189     4.213     0.3561      0.4164      0.4087      0.1937
22      A         B           22           ILE            0.00           411    396    127     7.306     7.189     4.177     0.3560      0.4196      0.4119      0.1935
23      A         B           23           LYS            0.00           411    396     95     7.306     7.189     3.543     0.3376      0.4213      0.4136      0.1480
24      A         B           24           HIS            0.00           411    396    105     7.306     7.189     3.757     0.3436      0.4144      0.4067      0.1594
25      A         B           25           PHE            0.00           411    396    152     7.306     7.189     4.592     0.3766      0.4249      0.4172      0.2284
26      A         B           26           LYS            0.00           411    396    104     7.306     7.189     3.736     0.3456      0.4215      0.4138      0.1622
27      A         B           27           ASN            0.00           411    396     72     7.306     7.189     2.972     0.3152      0.4083      0.4006      0.1036
28      A         B           28           CYS            0.00           411    396    116     7.306     7.189     3.975     0.3533      0.4228      0.4151      0.1803
29      A         B           29           THR            0.00           411    396    134     7.306     7.189     4.299     0.3669      0.4278      0.4201      0.2082
30      A         B           30           SER            0.00           411    396    179     7.306     7.189     4.987     0.4027      0.4417      0.4339      0.2724
31      A         B           31           ILE            0.00           411    396    190     7.306     7.189     5.136     0.4133      0.4460      0.4383      0.2876
32      A         B           32           SER            0.00           411    396    159     7.306     7.189     4.699     0.3864      0.4344      0.4267      0.2440
33      A         B           33           GLY            0.00           411    396    174     7.306     7.189     4.918     0.4037      0.4452      0.4374      0.2698
34      A         B           34           ASP            0.00           411    396    189     7.306     7.189     5.123     0.4213      0.4569      0.4492      0.2965
35      A         B           35           LEU            0.00           411    396    198     7.306     7.189     5.240     0.4413      0.4736      0.4658      0.3207
36      A         B           36           HIS            0.00           411    396    176     7.306     7.189     4.946     0.4119      0.4566      0.4488      0.2821
37      A         B           37           ILE            0.00           411    396    183     7.306     7.189     5.042     0.4281      0.4713      0.4636      0.3037
38      A         B           38           LEU            0.00           411    396    176     7.306     7.189     4.946     0.4183      0.4658      0.4581      0.2909
39      A         B           39           PRO            0.00           411    396    132     7.306     7.189     4.265     0.3736      0.4460      0.4383      0.2194
40      A         B           40           VAL            0.00           411    396    171     7.306     7.189     4.875     0.4131      0.4638      0.4561      0.2830
41      A         B           41           ALA            0.00           411    396    171     7.306     7.189     4.875     0.4097      0.4591      0.4514      0.2793
42      A         B           42           PHE            0.00           411    396    154     7.306     7.189     4.623     0.3945      0.4517      0.4440      0.2529
43      A         B           43           ARG            0.00           411    396     83     7.306     7.189     3.261     0.3220      0.4250      0.4173      0.1307
44      A         B           44           GLY            0.00           411    396     46     7.306     7.189     2.095     0.2803      0.4116      0.4039      0.0552
45      A         B           45           ASP            0.00           411    396      8     7.306     7.189     1.000     0.2150      0.3981      0.3904      0.0123
46      A         B           46           SER            0.00           411    396      7     7.306     7.189     1.000     0.1946      0.3931      0.3855      0.0121
47      A         B           47           PHE            0.00           411    396     10     7.306     7.189     1.000     0.2012      0.3813      0.3738      0.0115
48      A         B           48           THR            0.00           411    396     12     7.306     7.189     1.000     0.2074      0.3808      0.3732      0.0114
49      A         B           49           HIS            0.00           411    396      5     7.306     7.189     1.000     0.2029      0.3787      0.3712      0.0113
50      A         B           50           THR            0.00           411    396     32     7.306     7.189     1.388     0.2569      0.4027      0.3951      0.0240
51      A         B           51           PRO            0.00           411    396     79     7.306     7.189     3.160     0.3207      0.4214      0.4136      0.1215
52      A         B           52           PRO            0.00           411    396    109     7.306     7.189     3.838     0.3497      0.4296      0.4219      0.1746
53      A         B           53           LEU            0.00           411    396    139     7.306     7.189     4.383     0.3741      0.4363      0.4286      0.2214
54      A         B           54           ASP            0.00           411    396    141     7.306     7.189     4.416     0.3698      0.4307      0.4230      0.2194
55      A         B           55           PRO            0.00           411    396    123     7.306     7.189     4.105     0.3598      0.4293      0.4216      0.1948
56      A         B           56           GLN            0.00           411    396    103     7.306     7.189     3.715     0.3466      0.4301      0.4223      0.1658
57      A         B           57           GLU            0.00           411    396    111     7.306     7.189     3.878     0.3517      0.4286      0.4209      0.1772
58      A         B           58           LEU            0.00           411    396    170     7.306     7.189     4.861     0.3998      0.4439      0.4362      0.2649
59      A         B           59           ASP            0.00           411    396    174     7.306     7.189     4.918     0.4109      0.4559      0.4482      0.2786
60      A         B           60           ILE            0.00           411    396    179     7.306     7.189     4.987     0.4111      0.4522      0.4445      0.2813
61      A         B           61           LEU            0.00           411    396    177     7.306     7.189     4.960     0.4069      0.4472      0.4395      0.2751
62      A         B           62           LYS            0.00           411    396    172     7.306     7.189     4.889     0.4037      0.4480      0.4403      0.2701
63      A         B           63           THR            0.00           411    396    144     7.306     7.189     4.465     0.3709      0.4249      0.4172      0.2187
64      A         B           64           VAL            0.00           411    396    181     7.306     7.189     5.015     0.4046      0.4419      0.4341      0.2748
65      A         B           65           LYS            0.00           411    396    143     7.306     7.189     4.449     0.3778      0.4323      0.4246      0.2230
66      A         B           66           GLU            0.00           411    396    182     7.306     7.189     5.029     0.4055      0.4433      0.4356      0.2771
67      A         B           67           ILE            0.00           411    396    201     7.306     7.189     5.278     0.4305      0.4586      0.4508      0.3101
68      A         B           68           THR            0.00           411    396    184     7.306     7.189     5.056     0.4012      0.4351      0.4273      0.2720
69      A         B           69           GLY            0.00           411    396    201     7.306     7.189     5.278     0.4311      0.4596      0.4519      0.3108
70      A         B           70           PHE            0.00           411    396    205     7.306     7.189     5.329     0.4499      0.4781      0.4704      0.3320
71      A         B           71           LEU            0.00           411    396    209     7.306     7.189     5.378     0.4597      0.4863      0.4786      0.3440
72      A         B           72           LEU            0.00           411    396    210     7.306     7.189     5.391     0.4674      0.4947      0.4870      0.3527
73      A         B           73           ILE            0.00           411    396    213     7.306     7.189     5.427     0.4765      0.5023      0.4946      0.3636
74      A         B           74           GLN            0.00           411    396    194     7.306     7.189     5.188     0.4437      0.4814      0.4737      0.3246
75      A         B           75           ALA            0.00           411    396    201     7.306     7.189     5.278     0.4388      0.4692      0.4614      0.3199
76      A         B           76           TRP            0.00           411    396    195     7.306     7.189     5.201     0.4365      0.4700      0.4623      0.3150
77      A         B           77           PRO            0.00           411    396    146     7.306     7.189     4.498     0.3850      0.4474      0.4397      0.2394
78      A         B           78           GLU            0.00           411    396     67     7.306     7.189     2.828     0.3015      0.4279      0.4201      0.1025
79      A         B           79           ASN            0.00           411    396     50     7.306     7.189     2.256     0.2735      0.4268      0.4190      0.0675
80      A         B           80           ARG            0.00           411    396     78     7.306     7.189     3.134     0.3123      0.4245      0.4167      0.1214
81      A         B           81           THR            0.00           411    396     80     7.306     7.189     3.186     0.3174      0.4232      0.4155      0.1240
82      A         B           82           ASP            0.00           411    396    117     7.306     7.189     3.994     0.3647      0.4421      0.4344      0.1947
83      A         B           83           LEU            0.00           411    396    184     7.306     7.189     5.056     0.4230      0.4610      0.4533      0.2948
84      A         B           84           HIS            0.00           411    396    126     7.306     7.189     4.159     0.3642      0.4312      0.4235      0.1999
85      A         B           85           ALA            0.00           411    396    158     7.306     7.189     4.684     0.3884      0.4398      0.4321      0.2474
86      A         B           86           PHE            0.00           411    396    176     7.306     7.189     4.946     0.4013      0.4398      0.4321      0.2680
87      A         B           87           GLU            0.00           411    396    156     7.306     7.189     4.654     0.3905      0.4456      0.4379      0.2496
88      A         B           88           ASN            0.00           411    396    174     7.306     7.189     4.918     0.4013      0.4429      0.4352      0.2682
89      A         B           89           LEU            0.00           411    396    184     7.306     7.189     5.056     0.4099      0.4444      0.4367      0.2802
90      A         B           90           GLU            0.00           411    396    172     7.306     7.189     4.889     0.3991      0.4409      0.4332      0.2642
91      A         B           91           ILE            0.00           411    396    153     7.306     7.189     4.608     0.3801      0.4301      0.4224      0.2337
92      A         B           92           ILE            0.00           411    396    198     7.306     7.189     5.240     0.4284      0.4582      0.4504      0.3065
93      A         B           93           ARG            0.00           411    396    186     7.306     7.189     5.083     0.4058      0.4401      0.4323      0.2785
94      A         B           94           GLY            0.00           411    396    154     7.306     7.189     4.623     0.3807      0.4300      0.4222      0.2346
95      A         B           95           ARG            0.00           411    396    176     7.306     7.189     4.946     0.4006      0.4412      0.4334      0.2685
96      A         B           96           THR            0.00           411    396    204     7.306     7.189     5.316     0.4372      0.4646      0.4569      0.3182
97      A         B           97           LYS            0.00           411    396    180     7.306     7.189     5.001     0.4123      0.4536      0.4458      0.2840
98      A         B           98           GLN            0.00           411    396    169     7.306     7.189     4.847     0.4075      0.4567      0.4490      0.2749
99      A         B           99           HIS            0.00           411    396    137     7.306     7.189     4.350     0.3702      0.4353      0.4276      0.2181
100     A         B          100           GLY            0.00           411    396    154     7.306     7.189     4.623     0.3848      0.4391      0.4314      0.2416
101     A         B          101           GLN            0.00           411    396    161     7.306     7.189     4.729     0.3879      0.4384      0.4306      0.2494
102     A         B          102           PHE            0.00           411    396    189     7.306     7.189     5.123     0.4266      0.4635      0.4557      0.3020
103     A         B          103           SER            0.00           411    396    171     7.306     7.189     4.875     0.4027      0.4481      0.4404      0.2691
104     A         B          104           LEU            0.00           411    396    214     7.306     7.189     5.439     0.4662      0.4899      0.4821      0.3522
105     A         B          105           ALA            0.00           411    396    223     7.306     7.189     5.547     0.4973      0.5164      0.5087      0.3858
106     A         B          106           VAL            0.00           411    396    216     7.306     7.189     5.464     0.4908      0.5152      0.5075      0.3790
107     A         B          107           VAL            0.00           411    396    213     7.306     7.189     5.427     0.4797      0.5059      0.4982      0.3668
108     A         B          108           SER            0.00           411    396    199     7.306     7.189     5.253     0.4365      0.4661      0.4584      0.3153
109     A         B          109           LEU            0.00           411    396    224     7.306     7.189     5.559     0.4973      0.5156      0.5079      0.3870
110     A         B          110           ASN            0.00           411    396    208     7.306     7.189     5.366     0.4677      0.4963      0.4886      0.3527
111     A         B          111           ILE            0.00           411    396    217     7.306     7.189     5.476     0.4766      0.4985      0.4908      0.3631
112     A         B          112           THR            0.00           411    396    202     7.306     7.189     5.291     0.4566      0.4884      0.4806      0.3387
113     A         B          113           SER            0.00           411    396    178     7.306     7.189     4.974     0.4113      0.4535      0.4458      0.2817
114     A         B          114           LEU            0.00           411    396    192     7.306     7.189     5.162     0.4266      0.4599      0.4522      0.3020
115     A         B          115           GLY            0.00           411    396    179     7.306     7.189     4.987     0.4099      0.4505      0.4427      0.2800
116     A         B          116           LEU            0.00           411    396    176     7.306     7.189     4.946     0.4060      0.4469      0.4392      0.2736
117     A         B          117           ARG            0.00           411    396    133     7.306     7.189     4.282     0.3693      0.4373      0.4296      0.2142
118     A         B          118           SER            0.00           411    396    159     7.306     7.189     4.699     0.3925      0.4422      0.4344      0.2503
119     A         B          119           LEU            0.00           411    396    157     7.306     7.189     4.669     0.3858      0.4324      0.4247      0.2402
120     A         B          120           LYS            0.00           411    396     96     7.306     7.189     3.565     0.3417      0.4254      0.4177      0.1520
121     A         B          121           GLU            0.00           411    396    169     7.306     7.189     4.847     0.3916      0.4341      0.4264      0.2555
122     A         B          122           ILE            0.00           411    396    195     7.306     7.189     5.201     0.4227      0.4537      0.4459      0.2995
123     A         B          123           SER            0.00           411    396    184     7.306     7.189     5.056     0.4099      0.4451      0.4373      0.2807
124     A         B          124           ASP            0.00           411    396    194     7.306     7.189     5.188     0.4251      0.4580      0.4502      0.3026
125     A         B          125           GLY            0.00           411    396    193     7.306     7.189     5.175     0.4206      0.4536      0.4459      0.2975
126     A         B          126           ASP            0.00           411    396    201     7.306     7.189     5.278     0.4394      0.4688      0.4610      0.3190
127     A         B          127           VAL            0.00           411    396    217     7.306     7.189     5.476     0.4704      0.4918      0.4840      0.3566
128     A         B          128           ILE            0.00           411    396    207     7.306     7.189     5.354     0.4519      0.4780      0.4702      0.3334
129     A         B          129           ILE            0.00           411    396    221     7.306     7.189     5.523     0.4928      0.5131      0.5054      0.3812
130     A         B          130           SER            0.00           411    396    223     7.306     7.189     5.547     0.4840      0.5017      0.4940      0.3717
131     A         B          131           GLY            0.00           411    396    229     7.306     7.189     5.617     0.4935      0.5072      0.4994      0.3822
132     A         B          132           ASN            0.00           411    396    224     7.306     7.189     5.559     0.4840      0.5010      0.4932      0.3718
133     A         B          133           LYS            0.00           411    396    218     7.306     7.189     5.488     0.4714      0.4923      0.4846      0.3582
134     A         B          134           ASN            0.00           411    396    222     7.306     7.189     5.535     0.4856      0.5047      0.4969      0.3737
135     A         B          135           LEU            0.00           411    396    212     7.306     7.189     5.415     0.4662      0.4909      0.4831      0.3502
136     A         B          136           CYS            0.00           411    396    133     7.306     7.189     4.282     0.3740      0.4393      0.4315      0.2147
137     A         B          137           TYR            0.00           411    396     78     7.306     7.189     3.134     0.3168      0.4127      0.4050      0.1160
138     A         B          138           ALA            0.00           411    396     83     7.306     7.189     3.261     0.3314      0.4269      0.4191      0.1310
139     A         B          139           ASN            0.00           411    396     92     7.306     7.189     3.475     0.3369      0.4335      0.4257      0.1499
140     A         B          140           THR            0.00           411    396     96     7.306     7.189     3.565     0.3373      0.4305      0.4228      0.1546
141     A         B          141           ILE            0.00           411    396    102     7.306     7.189     3.694     0.3439      0.4272      0.4194      0.1619
142     A         B          142           ASN            0.00           411    396    101     7.306     7.189     3.673     0.3409      0.4230      0.4153      0.1577
143     A         B          143           TRP            0.00           411    396    139     7.306     7.189     4.383     0.3815      0.4422      0.4344      0.2251
144     A         B          144           LYS            0.00           411    396    131     7.306     7.189     4.247     0.3728      0.4412      0.4334      0.2134
145     A         B          145           LYS            0.00           411    396    123     7.306     7.189     4.105     0.3634      0.4342      0.4264      0.1974
146     A         B          146           LEU            0.00           411    396    176     7.306     7.189     4.946     0.4008      0.4400      0.4323      0.2679
147     A         B          147           PHE            0.00           411    396    145     7.306     7.189     4.482     0.3798      0.4350      0.4273      0.2276
148     A         B          148           GLY            0.00           411    396     64     7.306     7.189     2.738     0.3016      0.4112      0.4035      0.0902
149     A         B          149           THR            0.00           411    396     47     7.306     7.189     2.137     0.2881      0.3887      0.3811      0.0519
150     A         B          150           SER            0.00           411    396     38     7.306     7.189     1.726     0.2718      0.3947      0.3871      0.0354
151     A         B          151           GLY            0.00           411    396     69     7.306     7.189     2.887     0.3068      0.4238      0.4160      0.1046
152     A         B          152           GLN            0.00           411    396    142     7.306     7.189     4.433     0.3832      0.4433      0.4355      0.2299
153     A         B          153           LYS            0.00           411    396    144     7.306     7.189     4.465     0.3847      0.4441      0.4363      0.2335
154     A         B          154           THR            0.00           411    396    190     7.306     7.189     5.136     0.4316      0.4691      0.4613      0.3084
155     A         B          155           LYS            0.00           411    396    182     7.306     7.189     5.029     0.4128      0.4508      0.4431      0.2843
156     A         B          156           ILE            0.00           411    396    226     7.306     7.189     5.582     0.4881      0.5044      0.4966      0.3773
157     A         B          157           ILE            0.00           411    396    226     7.306     7.189     5.582     0.4761      0.4914      0.4836      0.3642
158     A         B          158           SER            0.00           411    396    230     7.306     7.189     5.629     0.5120      0.5258      0.5180      0.4005
159     A         B          159           ASN            0.00           411    396    229     7.306     7.189     5.617     0.4834      0.4973      0.4895      0.3720
160     A         B          160           ARG            0.00           411    396    203     7.306     7.189     5.304     0.4533      0.4845      0.4767      0.3361
161     A         B          161           GLY            0.00           411    396    103     7.306     7.189     3.715     0.3547      0.4569      0.4491      0.1831
162     A         B          162           GLU            0.00           411    396     85     7.306     7.189     3.310     0.3264      0.4407      0.4330      0.1424
163     A         B          163           ASN            0.00           411    396     90     7.306     7.189     3.429     0.3359      0.4553      0.4476      0.1601
164     A         B          164           SER            0.00           411    396     85     7.306     7.189     3.310     0.3278      0.4427      0.4349      0.1438
165     A         B          165           CYS            0.00           411    396     84     7.306     7.189     3.286     0.3225      0.4277      0.4200      0.1341
166     A         B          166           LYS            0.00           411    396     10     7.306     7.189     1.000     0.2017      0.4083      0.4006      0.0130
167     A         B          167           ALA            0.00           411    396      2     7.306     7.189     1.000     0.1432      0.3731      0.3656      0.0110
168     A         B          168           THR            0.00           411    396      0     7.306     7.189     1.000     0.1077      0.0000      0.0000      0.0000
169     A         B          169           GLY            0.00           411    396      0     7.306     7.189     1.000     0.0842      0.0000      0.0000      0.0000
170     A         B          170           GLN            0.00           411    396      0     7.306     7.189     1.000     0.0723      0.0000      0.0000      0.0000
171     B         A            1           GLN            0.00           411    383      0     7.306     7.086     1.000     0.1454      0.0000      0.0000      0.0000
172     B         A            2           VAL            0.00           411    383    148     7.306     7.086     4.530     0.4454      0.4633      0.4485      0.2530
173     B         A            3           GLN            0.00           411    383    153     7.306     7.086     4.608     0.4580      0.4721      0.4572      0.2663
174     B         A            4           LEU            0.00           411    383    166     7.306     7.086     4.803     0.5035      0.5076      0.4928      0.3137
175     B         A            5           LYS            0.00           411    383    166     7.306     7.086     4.803     0.4885      0.4924      0.4775      0.3002
176     B         A            6           GLN            0.00           411    383    143     7.306     7.086     4.449     0.4271      0.4468      0.4321      0.2339
177     B         A            7           SER            0.00           411    383      0     7.306     7.086     1.000     0.1308      0.0000      0.0000      0.0000
178     B         A            8           GLY            0.00           411    383      0     7.306     7.086     1.000     0.0863      0.0000      0.0000      0.0000
179     B         A            9           PRO            0.00           411    383      0     7.306     7.086     1.000     0.0778      0.0000      0.0000      0.0000
180     B         A           10           GLY            0.00           411    383      0     7.306     7.086     1.000     0.0823      0.0000      0.0000      0.0000
181     B         A           11           LEU            0.00           411    383      0     7.306     7.086     1.000     0.1223      0.0000      0.0000      0.0000
182     B         A           12           VAL            0.00           411    383      0     7.306     7.086     1.000     0.1359      0.0000      0.0000      0.0000
183     B         A           13           GLN            0.00           411    383      0     7.306     7.086     1.000     0.1475      0.0000      0.0000      0.0000
184     B         A           14           PRO            0.00           411    383      0     7.306     7.086     1.000     0.1435      0.0000      0.0000      0.0000
185     B         A           15           SER            0.00           411    383      0     7.306     7.086     1.000     0.1424      0.0000      0.0000      0.0000
186     B         A           16           GLN            0.00           411    383      0     7.306     7.086     1.000     0.1884      0.0000      0.0000      0.0000
187     B         A           17           SER            0.00           411    383     54     7.306     7.086     2.405     0.3247      0.4036      0.3891      0.0690
188     B         A           18           LEU            0.00           411    383    151     7.306     7.086     4.577     0.4440      0.4583      0.4435      0.2528
189     B         A           19           SER            0.00           411    383    163     7.306     7.086     4.759     0.4777      0.4838      0.4690      0.2894
190     B         A           20           ILE            0.00           411    383    169     7.306     7.086     4.847     0.5303      0.5314      0.5167      0.3396
191     B         A           21           THR            0.00           411    383    169     7.306     7.086     4.847     0.5313      0.5323      0.5176      0.3399
192     B         A           22           CYS            0.00           411    383    170     7.306     7.086     4.861     0.5325      0.5325      0.5178      0.3419
193     B         A           23           THR            0.00           411    383    169     7.306     7.086     4.847     0.5271      0.5281      0.5134      0.3362
194     B         A           24           VAL            0.00           411    383    167     7.306     7.086     4.818     0.5147      0.5178      0.5030      0.3240
195     B         A           25           SER            0.00           411    383    164     7.306     7.086     4.774     0.4846      0.4901      0.4753      0.2958
196     B         A           26           GLY            0.00           411    383    167     7.306     7.086     4.818     0.5101      0.5132      0.4984      0.3202
197     B         A           27           PHE            0.00           411    383    169     7.306     7.086     4.847     0.5336      0.5348      0.5201      0.3428
198     B         A           28           SER            0.00           411    383    169     7.306     7.086     4.847     0.5410      0.5422      0.5276      0.3499
199     B         A           29           LEU            0.00           411    383    170     7.306     7.086     4.861     0.5613      0.5613      0.5469      0.3702
200     B         A           30           THR            0.00           411    383    166     7.306     7.086     4.803     0.5414      0.5466      0.5319      0.3486
201     B         A           31           ASN            0.00           411    383    168     7.306     7.086     4.832     0.5400      0.5425      0.5279      0.3494
202     B         A           32           TYR            0.00           411    383    170     7.306     7.086     4.861     0.5700      0.5700      0.5556      0.3782
203     B         A           33           GLY            0.00           411    383    170     7.306     7.086     4.861     0.5780      0.5780      0.5636      0.3852
204     B         A           34           VAL            0.00           411    383    170     7.306     7.086     4.861     0.5948      0.5948      0.5807      0.4038
205     B         A           35           HIS            0.00           411    383    170     7.306     7.086     4.861     0.5845      0.5845      0.5703      0.3936
206     B         A           36           TRP            0.00           411    383    170     7.306     7.086     4.861     0.5767      0.5767      0.5626      0.3874
207     B         A           37           VAL            0.00           411    383    169     7.306     7.086     4.847     0.5704      0.5717      0.5575      0.3806
208     B         A           38           ARG            0.00           411    383    166     7.306     7.086     4.803     0.5241      0.5288      0.5142      0.3348
209     B         A           39           GLN            0.00           411    383    165     7.306     7.086     4.788     0.5061      0.5115      0.4968      0.3170
210     B         A           40           SER            0.00           411    383     77     7.306     7.086     3.108     0.3522      0.4264      0.4118      0.1210
211     B         A           41           PRO            0.00           411    383     17     7.306     7.086     1.000     0.2481      0.3897      0.3754      0.0119
212     B         A           42           GLY            0.00           411    383      6     7.306     7.086     1.000     0.2102      0.3666      0.3525      0.0107
213     B         A           43           LYS            0.00           411    383      5     7.306     7.086     1.000     0.2357      0.3906      0.3763      0.0120
214     B         A           44           GLY            0.00           411    383     33     7.306     7.086     1.450     0.2989      0.4009      0.3864      0.0259
215     B         A           45           LEU            0.00           411    383    152     7.306     7.086     4.592     0.4718      0.4890      0.4743      0.2815
216     B         A           46           GLU            0.00           411    383    167     7.306     7.086     4.818     0.5385      0.5421      0.5276      0.3488
217     B         A           47           TRP            0.00           411    383    168     7.306     7.086     4.832     0.5740      0.5768      0.5626      0.3850
218     B         A           48           LEU            0.00           411    383    170     7.306     7.086     4.861     0.5719      0.5719      0.5577      0.3822
219     B         A           49           GLY            0.00           411    383    168     7.306     7.086     4.832     0.5480      0.5505      0.5360      0.3574
220     B         A           50           VAL            0.00           411    383    170     7.306     7.086     4.861     0.5941      0.5941      0.5801      0.4043
221     B         A           51           ILE            0.00           411    383    170     7.306     7.086     4.861     0.5954      0.5954      0.5814      0.4053
222     B         A           52           TRP            0.00           411    383    170     7.306     7.086     4.861     0.5650      0.5650      0.5505      0.3732
223     B         A           53           SER            0.00           411    383    165     7.306     7.086     4.788     0.5267      0.5325      0.5179      0.3364
224     B         A           54           GLY            0.00           411    383    160     7.306     7.086     4.714     0.4980      0.5088      0.4941      0.3082
225     B         A           55           GLY            0.00           411    383    166     7.306     7.086     4.803     0.5145      0.5190      0.5043      0.3250
226     B         A           56           ASN            0.00           411    383    167     7.306     7.086     4.818     0.4919      0.4950      0.4802      0.3041
227     B         A           57           THR            0.00           411    383    170     7.306     7.086     4.861     0.5450      0.5450      0.5305      0.3550
228     B         A           58           ASP            0.00           411    383    169     7.306     7.086     4.847     0.5453      0.5464      0.5318      0.3536
229     B         A           59           TYR            0.00           411    383    168     7.306     7.086     4.832     0.5538      0.5563      0.5419      0.3634
230     B         A           60           ASN            0.00           411    383    168     7.306     7.086     4.832     0.5396      0.5419      0.5274      0.3498
231     B         A           61           THR            0.00           411    383    162     7.306     7.086     4.744     0.5267      0.5360      0.5215      0.3368
232     B         A           62           PRO            0.00           411    383    162     7.306     7.086     4.744     0.5173      0.5264      0.5118      0.3275
233     B         A           63           PHE            0.00           411    383    167     7.306     7.086     4.818     0.5254      0.5288      0.5142      0.3362
234     B         A           64           THR            0.00           411    383    152     7.306     7.086     4.592     0.4765      0.4938      0.4791      0.2856
235     B         A           65           SER            0.00           411    383    132     7.306     7.086     4.265     0.4469      0.4852      0.4705      0.2502
236     B         A           66           ARG            0.00           411    383    113     7.306     7.086     3.917     0.4052      0.4519      0.4372      0.1952
237     B         A           67           LEU            0.00           411    383    166     7.306     7.086     4.803     0.4981      0.5018      0.4871      0.3093
238     B         A           68           SER            0.00           411    383    168     7.306     7.086     4.832     0.4985      0.5003      0.4856      0.3102
239     B         A           69           ILE            0.00           411    383    170     7.306     7.086     4.861     0.5615      0.5615      0.5470      0.3699
240     B         A           70           ASN            0.00           411    383    168     7.306     7.086     4.832     0.5200      0.5222      0.5075      0.3300
241     B         A           71           LYS            0.00           411    383    170     7.306     7.086     4.861     0.5321      0.5321      0.5174      0.3419
242     B         A           72           ASP            0.00           411    383    168     7.306     7.086     4.832     0.5120      0.5142      0.4994      0.3222
243     B         A           73           ASN            0.00           411    383    167     7.306     7.086     4.818     0.5029      0.5060      0.4911      0.3129
244     B         A           74           SER            0.00           411    383    165     7.306     7.086     4.788     0.4719      0.4764      0.4616      0.2852
245     B         A           75           LYS            0.00           411    383    161     7.306     7.086     4.729     0.4629      0.4702      0.4554      0.2749
246     B         A           76           SER            0.00           411    383    168     7.306     7.086     4.832     0.4917      0.4936      0.4787      0.3035
247     B         A           77           GLN            0.00           411    383    168     7.306     7.086     4.832     0.5194      0.5215      0.5068      0.3294
248     B         A           78           VAL            0.00           411    383    170     7.306     7.086     4.861     0.5559      0.5559      0.5414      0.3646
249     B         A           79           PHE            0.00           411    383    170     7.306     7.086     4.861     0.5503      0.5503      0.5357      0.3590
250     B         A           80           PHE            0.00           411    383    170     7.306     7.086     4.861     0.5432      0.5432      0.5287      0.3526
251     B         A           81           LYS            0.00           411    383    167     7.306     7.086     4.818     0.5169      0.5200      0.5053      0.3266
252     B         A           82           MET            0.00           411    383    159     7.306     7.086     4.699     0.4754      0.4851      0.4703      0.2851
253     B         A           83           ASN            0.00           411    383    143     7.306     7.086     4.449     0.4456      0.4687      0.4540      0.2515
254     B         A           84           SER            0.00           411    383    103     7.306     7.086     3.715     0.3873      0.4328      0.4181      0.1672
255     B         A           85           LEU            0.00           411    383     96     7.306     7.086     3.565     0.3740      0.4221      0.4075      0.1500
256     B         A           86           GLN            0.00           411    383     71     7.306     7.086     2.944     0.3459      0.4167      0.4021      0.1053
257     B         A           87           SER            0.00           411    383     87     7.306     7.086     3.359     0.3658      0.4246      0.4100      0.1370
258     B         A           88           ASN            0.00           411    383    121     7.306     7.086     4.068     0.4110      0.4521      0.4374      0.2085
259     B         A           89           ASP            0.00           411    383    148     7.306     7.086     4.530     0.4564      0.4756      0.4608      0.2633
260     B         A           90           THR            0.00           411    383    159     7.306     7.086     4.699     0.4793      0.4898      0.4750      0.2899
261     B         A           91           ALA            0.00           411    383    156     7.306     7.086     4.654     0.4650      0.4771      0.4622      0.2744
262     B         A           92           ILE            0.00           411    383    168     7.306     7.086     4.832     0.5340      0.5363      0.5217      0.3434
263     B         A           93           TYR            0.00           411    383    166     7.306     7.086     4.803     0.5403      0.5452      0.5306      0.3494
264     B         A           94           TYR            0.00           411    383    168     7.306     7.086     4.832     0.5486      0.5511      0.5366      0.3575
265     B         A           95           CYS            0.00           411    383    169     7.306     7.086     4.847     0.5533      0.5546      0.5401      0.3622
266     B         A           96           ALA            0.00           411    383    169     7.306     7.086     4.847     0.5609      0.5622      0.5478      0.3693
267     B         A           97           ARG            0.00           411    383    169     7.306     7.086     4.847     0.5480      0.5493      0.5348      0.3577
268     B         A           98           ALA            0.00           411    383    168     7.306     7.086     4.832     0.5456      0.5480      0.5334      0.3536
269     B         A           99           LEU            0.00           411    383    167     7.306     7.086     4.818     0.5394      0.5431      0.5286      0.3492
270     B         A          100           THR            0.00           411    383    164     7.306     7.086     4.774     0.5139      0.5208      0.5062      0.3248
271     B         A          101           TYR            0.00           411    383    155     7.306     7.086     4.639     0.4911      0.5070      0.4923      0.3004
272     B         A          102           TYR            0.00           411    383    159     7.306     7.086     4.699     0.4959      0.5076      0.4928      0.3053
273     B         A          103           ASP            0.00           411    383    166     7.306     7.086     4.803     0.5362      0.5411      0.5264      0.3439
274     B         A          104           TYR            0.00           411    383    169     7.306     7.086     4.847     0.5741      0.5755      0.5612      0.3836
275     B         A          105           GLU            0.00           411    383    167     7.306     7.086     4.818     0.5408      0.5447      0.5302      0.3518
276     B         A          106           PHE            0.00           411    383    167     7.306     7.086     4.818     0.5643      0.5684      0.5541      0.3749
277     B         A          107           ALA            0.00           411    383    162     7.306     7.086     4.744     0.5259      0.5355      0.5209      0.3355
278     B         A          108           TYR            0.00           411    383    167     7.306     7.086     4.818     0.5453      0.5490      0.5345      0.3544
279     B         A          109           TRP            0.00           411    383    168     7.306     7.086     4.832     0.5455      0.5480      0.5335      0.3550
280     B         A          110           GLY            0.00           411    383    166     7.306     7.086     4.803     0.5454      0.5504      0.5359      0.3542
281     B         A          111           GLN            0.00           411    383    166     7.306     7.086     4.803     0.4997      0.5037      0.4888      0.3101
282     B         A          112           GLY            0.00           411    383    162     7.306     7.086     4.744     0.4839      0.4914      0.4765      0.2941
283     B         A          113           THR            0.00           411    383    164     7.306     7.086     4.774     0.5071      0.5134      0.4987      0.3166
284     B         A          114           LEU            0.00           411    383    157     7.306     7.086     4.669     0.4827      0.4948      0.4800      0.2910
285     B         A          115           VAL            0.00           411    383    154     7.306     7.086     4.623     0.4750      0.4902      0.4754      0.2833
286     B         A          116           THR            0.00           411    383    132     7.306     7.086     4.265     0.4174      0.4465      0.4318      0.2191
287     B         A          117           VAL            0.00           411    383     23     7.306     7.086     1.000     0.2754      0.3807      0.3664      0.0114
288     B         A          118           SER            0.00           411    383      0     7.306     7.086     1.000     0.1642      0.0000      0.0000      0.0000
289     B         A          119           ALA            0.00           411    383      0     7.306     7.086     1.000     0.0746      0.0000      0.0000      0.0000
290     B         A          120           GLY            0.00           411    383      0     7.306     7.086     1.000     0.0600      0.0000      0.0000      0.0000
291     B         A          121           GLY            0.00           411    383      0     7.306     7.086     1.000     0.0567      0.0000      0.0000      0.0000
292     B         A          122           GLY            0.00           411    383      0     7.306     7.086     1.000     0.0569      0.0000      0.0000      0.0000
293     B         A          123           GLY            0.00           411    383      0     7.306     7.086     1.000     0.0578      0.0000      0.0000      0.0000
294     B         A          124           SER            0.00           411    383      0     7.306     7.086     1.000     0.0576      0.0000      0.0000      0.0000
295     B         A          125           GLY            0.00           411    383      0     7.306     7.086     1.000     0.0588      0.0000      0.0000      0.0000
296     B         A          126           GLY            0.00           411    383      0     7.306     7.086     1.000     0.0594      0.0000      0.0000      0.0000
297     B         A          127           GLY            0.00           411    383      0     7.306     7.086     1.000     0.0613      0.0000      0.0000      0.0000
298     B         A          128           GLY            0.00           411    383      0     7.306     7.086     1.000     0.0634      0.0000      0.0000      0.0000
299     B         A          129           SER            0.00           411    383      0     7.306     7.086     1.000     0.0647      0.0000      0.0000      0.0000
300     B         A          130           GLY            0.00           411    383      0     7.306     7.086     1.000     0.0663      0.0000      0.0000      0.0000
301     B         A          131           GLY            0.00           411    383      0     7.306     7.086     1.000     0.0687      0.0000      0.0000      0.0000
302     B         A          132           GLY            0.00           411    383      0     7.306     7.086     1.000     0.0731      0.0000      0.0000      0.0000
303     B         A          133           GLY            0.00           411    383      0     7.306     7.086     1.000     0.0923      0.0000      0.0000      0.0000
304     B         A          134           SER            0.00           411    383      8     7.306     7.086     1.000     0.1656      0.4052      0.3907      0.0128
305     B         A          135           ASP            0.00           411    383     68     7.306     7.086     2.858     0.3413      0.4254      0.4108      0.1034
306     B         A          136           ILE            0.00           411    383    160     7.306     7.086     4.714     0.4958      0.5064      0.4917      0.3071
307     B         A          137           LEU            0.00           411    383    166     7.306     7.086     4.803     0.5341      0.5388      0.5243      0.3444
308     B         A          138           LEU            0.00           411    383    167     7.306     7.086     4.818     0.5289      0.5325      0.5179      0.3388
309     B         A          139           THR            0.00           411    383    165     7.306     7.086     4.788     0.5181      0.5239      0.5093      0.3289
310     B         A          140           GLN            0.00           411    383    153     7.306     7.086     4.608     0.4726      0.4893      0.4745      0.2819
311     B         A          141           SER            0.00           411    383    115     7.306     7.086     3.956     0.4082      0.4546      0.4399      0.2009
312     B         A          142           PRO            0.00           411    383    107     7.306     7.086     3.798     0.3854      0.4368      0.4221      0.1763
313     B         A          143           VAL            0.00           411    383    140     7.306     7.086     4.400     0.4417      0.4678      0.4530      0.2465
314     B         A          144           ILE            0.00           411    383    143     7.306     7.086     4.449     0.4387      0.4608      0.4460      0.2448
315     B         A          145           LEU            0.00           411    383    136     7.306     7.086     4.333     0.4200      0.4459      0.4311      0.2238
316     B         A          146           SER            0.00           411    383    112     7.306     7.086     3.897     0.3879      0.4297      0.4150      0.1792
317     B         A          147           VAL            0.00           411    383     36     7.306     7.086     1.621     0.2963      0.3872      0.3728      0.0303
318     B         A          148           SER            0.00           411    383     36     7.306     7.086     1.621     0.3007      0.3826      0.3683      0.0297
319     B         A          149           PRO            0.00           411    383     34     7.306     7.086     1.509     0.2946      0.3784      0.3642      0.0254
320     B         A          150           GLY            0.00           411    383     39     7.306     7.086     1.777     0.3042      0.3820      0.3677      0.0354
321     B         A          151           GLU            0.00           411    383     96     7.306     7.086     3.565     0.3679      0.4271      0.4125      0.1530
322     B         A          152           ARG            0.00           411    383    123     7.306     7.086     4.105     0.4046      0.4424      0.4277      0.2033
323     B         A          153           VAL            0.00           411    383    139     7.306     7.086     4.383     0.4470      0.4758      0.4610      0.2513
324     B         A          154           SER            0.00           411    383    145     7.306     7.086     4.482     0.4500      0.4729      0.4581      0.2574
325     B         A          155           PHE            0.00           411    383    159     7.306     7.086     4.699     0.4888      0.5002      0.4854      0.2987
326     B         A          156           SER            0.00           411    383    150     7.306     7.086     4.561     0.4663      0.4859      0.4711      0.2750
327     B         A          157           CYS            0.00           411    383    163     7.306     7.086     4.759     0.5158      0.5238      0.5091      0.3257
328     B         A          158           ARG            0.00           411    383    158     7.306     7.086     4.684     0.4920      0.5049      0.4902      0.3027
329     B         A          159           ALA            0.00           411    383    162     7.306     7.086     4.744     0.5072      0.5159      0.5012      0.3172
330     B         A          160           SER            0.00           411    383    151     7.306     7.086     4.577     0.4772      0.4970      0.4824      0.2868
331     B         A          161           GLN            0.00           411    383    114     7.306     7.086     3.936     0.4171      0.4790      0.4643      0.2173
332     B         A          162           SER            0.00           411    383    151     7.306     7.086     4.577     0.5006      0.5232      0.5087      0.3109
333     B         A          163           ILE            0.00           411    383    161     7.306     7.086     4.729     0.5142      0.5246      0.5099      0.3233
334     B         A          164           GLY            0.00           411    383    151     7.306     7.086     4.577     0.4773      0.4975      0.4827      0.2861
335     B         A          165           THR            0.00           411    383    155     7.306     7.086     4.639     0.4938      0.5102      0.4955      0.3031
336     B         A          166           ASN            0.00           411    383    160     7.306     7.086     4.714     0.5036      0.5147      0.5001      0.3138
337     B         A          167           ILE            0.00           411    383    160     7.306     7.086     4.714     0.5104      0.5218      0.5072      0.3211
338     B         A          168           HIS            0.00           411    383    168     7.306     7.086     4.832     0.5464      0.5489      0.5343      0.3555
339     B         A          169           TRP            0.00           411    383    167     7.306     7.086     4.818     0.5493      0.5530      0.5385      0.3581
340     B         A          170           TYR            0.00           411    383    166     7.306     7.086     4.803     0.5403      0.5452      0.5306      0.3491
341     B         A          171           GLN            0.00           411    383    166     7.306     7.086     4.803     0.5289      0.5338      0.5192      0.3392
342     B         A          172           GLN            0.00           411    383    160     7.306     7.086     4.714     0.5038      0.5145      0.4998      0.3124
343     B         A          173           ARG            0.00           411    383    152     7.306     7.086     4.592     0.4758      0.4937      0.4789      0.2837
344     B         A          174           THR            0.00           411    383     73     7.306     7.086     3.000     0.3461      0.4116      0.3970      0.1066
345     B         A          175           ASN            0.00           411    383     49     7.306     7.086     2.217     0.3222      0.3954      0.3809      0.0572
346     B         A          176           GLY            0.00           411    383    133     7.306     7.086     4.282     0.4231      0.4522      0.4374      0.2247
347     B         A          177           SER            0.00           411    383    156     7.306     7.086     4.654     0.4786      0.4921      0.4773      0.2874
348     B         A          178           PRO            0.00           411    383    164     7.306     7.086     4.774     0.5013      0.5075      0.4928      0.3115
349     B         A          179           ARG            0.00           411    383    166     7.306     7.086     4.803     0.5050      0.5094      0.4946      0.3160
350     B         A          180           LEU            0.00           411    383    166     7.306     7.086     4.803     0.5349      0.5396      0.5250      0.3441
351     B         A          181           LEU            0.00           411    383    166     7.306     7.086     4.803     0.5361      0.5408      0.5262      0.3452
352     B         A          182           ILE            0.00           411    383    166     7.306     7.086     4.803     0.5438      0.5489      0.5345      0.3546
353     B         A          183           LYS            0.00           411    383    165     7.306     7.086     4.788     0.5259      0.5319      0.5174      0.3369
354     B         A          184           TYR            0.00           411    383    166     7.306     7.086     4.803     0.5366      0.5414      0.5269      0.3473
355     B         A          185           ALA            0.00           411    383    167     7.306     7.086     4.818     0.5282      0.5316      0.5170      0.3382
356     B         A          186           SER            0.00           411    383    149     7.306     7.086     4.545     0.4831      0.5057      0.4910      0.2911
357     B         A          187           GLU            0.00           411    383    152     7.306     7.086     4.592     0.4892      0.5087      0.4940      0.2977
358     B         A          188           SER            0.00           411    383    104     7.306     7.086     3.736     0.3858      0.4390      0.4243      0.1726
359     B         A          189           ILE            0.00           411    383    149     7.306     7.086     4.545     0.4654      0.4855      0.4706      0.2724
360     B         A          190           SER            0.00           411    383    141     7.306     7.086     4.416     0.4543      0.4827      0.4678      0.2588
361     B         A          191           GLY            0.00           411    383    146     7.306     7.086     4.498     0.4492      0.4706      0.4557      0.2560
362     B         A          192           ILE            0.00           411    383    156     7.306     7.086     4.654     0.4777      0.4912      0.4764      0.2865
363     B         A          193           PRO            0.00           411    383    151     7.306     7.086     4.577     0.4508      0.4666      0.4518      0.2591
364     B         A          194           SER            0.00           411    383    131     7.306     7.086     4.247     0.4198      0.4500      0.4352      0.2195
365     B         A          195           ARG            0.00           411    383    151     7.306     7.086     4.577     0.4620      0.4798      0.4649      0.2702
366     B         A          196           PHE            0.00           411    383    161     7.306     7.086     4.729     0.5014      0.5111      0.4963      0.3107
367     B         A          197           SER            0.00           411    383    145     7.306     7.086     4.482     0.4684      0.4936      0.4788      0.2738
368     B         A          198           GLY            0.00           411    383    137     7.306     7.086     4.350     0.4537      0.4869      0.4720      0.2565
369     B         A          199           SER            0.00           411    383    130     7.306     7.086     4.230     0.4374      0.4755      0.4606      0.2377
370     B         A          200           GLY            0.00           411    383    138     7.306     7.086     4.367     0.4498      0.4815      0.4667      0.2547
371     B         A          201           SER            0.00           411    383    130     7.306     7.086     4.230     0.4391      0.4800      0.4653      0.2423
372     B         A          202           GLY            0.00           411    383    139     7.306     7.086     4.383     0.4550      0.4860      0.4711      0.2591
373     B         A          203           THR            0.00           411    383    151     7.306     7.086     4.577     0.4730      0.4925      0.4778      0.2821
374     B         A          204           ASP            0.00           411    383    136     7.306     7.086     4.333     0.4484      0.4819      0.4671      0.2523
375     B         A          205           PHE            0.00           411    383    163     7.306     7.086     4.759     0.5073      0.5149      0.5002      0.3180
376     B         A          206           THR            0.00           411    383    152     7.306     7.086     4.592     0.4783      0.4964      0.4816      0.2857
377     B         A          207           LEU            0.00           411    383    164     7.306     7.086     4.774     0.5177      0.5246      0.5099      0.3277
378     B         A          208           SER            0.00           411    383    158     7.306     7.086     4.684     0.4884      0.5012      0.4864      0.2983
379     B         A          209           ILE            0.00           411    383    157     7.306     7.086     4.669     0.4869      0.5006      0.4858      0.2961
380     B         A          210           ASN            0.00           411    383     58     7.306     7.086     2.544     0.3281      0.4202      0.4056      0.0821
381     B         A          211           SER            0.00           411    383     71     7.306     7.086     2.944     0.3430      0.4116      0.3970      0.1031
382     B         A          212           VAL            0.00           411    383    143     7.306     7.086     4.449     0.4407      0.4633      0.4484      0.2457
383     B         A          213           GLU            0.00           411    383    126     7.306     7.086     4.159     0.4091      0.4446      0.4298      0.2086
384     B         A          214           SER            0.00           411    383    102     7.306     7.086     3.694     0.3710      0.4134      0.3988      0.1542
385     B         A          215           GLU            0.00           411    383    124     7.306     7.086     4.123     0.4123      0.4521      0.4374      0.2124
386     B         A          216           ASP            0.00           411    383    143     7.306     7.086     4.449     0.4418      0.4651      0.4503      0.2477
387     B         A          217           ILE            0.00           411    383    134     7.306     7.086     4.299     0.4169      0.4435      0.4287      0.2191
388     B         A          218           ALA            0.00           411    383    147     7.306     7.086     4.514     0.4554      0.4757      0.4609      0.2616
389     B         A          219           ASP            0.00           411    383    163     7.306     7.086     4.759     0.5121      0.5201      0.5054      0.3223
390     B         A          220           TYR            0.00           411    383    164     7.306     7.086     4.774     0.5253      0.5324      0.5178      0.3349
391     B         A          221           TYR            0.00           411    383    167     7.306     7.086     4.818     0.5524      0.5562      0.5417      0.3615
392     B         A          222           CYS            0.00           411    383    168     7.306     7.086     4.832     0.5594      0.5620      0.5476      0.3685
393     B         A          223           GLN            0.00           411    383    167     7.306     7.086     4.818     0.5562      0.5600      0.5457      0.3659
394     B         A          224           GLN            0.00           411    383    164     7.306     7.086     4.774     0.5329      0.5401      0.5256      0.3437
395     B         A          225           ASN            0.00           411    383    163     7.306     7.086     4.759     0.5365      0.5453      0.5308      0.3459
396     B         A          226           ASN            0.00           411    383    161     7.306     7.086     4.729     0.5135      0.5237      0.5092      0.3245
397     B         A          227           ASN            0.00           411    383    162     7.306     7.086     4.744     0.5289      0.5385      0.5240      0.3391
398     B         A          228           TRP            0.00           411    383    169     7.306     7.086     4.847     0.5477      0.5489      0.5344      0.3572
399     B         A          229           PRO            0.00           411    383    168     7.306     7.086     4.832     0.5364      0.5388      0.5242      0.3467
400     B         A          230           THR            0.00           411    383    170     7.306     7.086     4.861     0.5894      0.5894      0.5753      0.3988
401     B         A          231           THR            0.00           411    383    170     7.306     7.086     4.861     0.5764      0.5764      0.5621      0.3856
402     B         A          232           PHE            0.00           411    383    170     7.306     7.086     4.861     0.5685      0.5685      0.5542      0.3782
403     B         A          233           GLY            0.00           411    383    166     7.306     7.086     4.803     0.5254      0.5302      0.5156      0.3363
404     B         A          234           ALA            0.00           411    383    152     7.306     7.086     4.592     0.4768      0.4952      0.4805      0.2863
405     B         A          235           GLY            0.00           411    383    155     7.306     7.086     4.639     0.4749      0.4899      0.4751      0.2855
406     B         A          236           THR            0.00           411    383    161     7.306     7.086     4.729     0.5025      0.5122      0.4975      0.3124
407     B         A          237           LYS            0.00           411    383    159     7.306     7.086     4.699     0.4850      0.4960      0.4812      0.2954
408     B         A          238           LEU            0.00           411    383    155     7.306     7.086     4.639     0.4649      0.4783      0.4635      0.2745
409     B         A          239           GLU            0.00           411    383     87     7.306     7.086     3.359     0.3655      0.4364      0.4217      0.1432
410     B         A          240           LEU            0.00           411    383      3     7.306     7.086     1.000     0.2204      0.3667      0.3527      0.0108
411     B         A          241           LYS            0.00           411    383      0     7.306     7.086     1.000     0.1210      0.0000      0.0000      0.0000
