i   AlignChn ScoredChain  AlignResNum  AlignResType  AlignRespLDDT      n0chn  n0dom  n0res    d0chn     d0dom     d0res   ipTM_pae  ipSAE_d0chn ipSAE_d0dom    ipSAE 
1       A         B            1           MET            0.00           320    317      0     6.547     6.519     1.000     0.0743      0.0000      0.0000      0.0000
2       A         B            2           ILE            0.00           320    317    156     6.547     6.519     4.654     0.4073      0.4212      0.4192      0.2724
3       A         B            3           THR            0.00           320    317    165     6.547     6.519     4.788     0.5051      0.5130      0.5110      0.3650
4       A         B            4           VAL            0.00           320    317    166     6.547     6.519     4.803     0.5836      0.5917      0.5897      0.4441
5       A         B            5           THR            0.00           320    317    166     6.547     6.519     4.803     0.5374      0.5445      0.5425      0.3963
6       A         B            6           LEU            0.00           320    317    166     6.547     6.519     4.803     0.5259      0.5328      0.5308      0.3849
7       A         B            7           SER            0.00           320    317    165     6.547     6.519     4.788     0.4692      0.4763      0.4742      0.3309
8       A         B            8           GLY            0.00           320    317    165     6.547     6.519     4.788     0.4579      0.4648      0.4628      0.3205
9       A         B            9           PRO            0.00           320    317    165     6.547     6.519     4.788     0.4561      0.4629      0.4609      0.3187
10      A         B           10           THR            0.00           320    317    157     6.547     6.519     4.669     0.3855      0.3959      0.3940      0.2519
11      A         B           11           SER            0.00           320    317    164     6.547     6.519     4.774     0.3935      0.3994      0.3974      0.2628
12      A         B           12           VAL            0.00           320    317    165     6.547     6.519     4.788     0.4219      0.4277      0.4257      0.2874
13      A         B           13           LYS            0.00           320    317    165     6.547     6.519     4.788     0.4060      0.4112      0.4092      0.2737
14      A         B           14           GLU            0.00           320    317    165     6.547     6.519     4.788     0.4098      0.4153      0.4133      0.2774
15      A         B           15           GLY            0.00           320    317    165     6.547     6.519     4.788     0.4082      0.4136      0.4116      0.2761
16      A         B           16           GLY            0.00           320    317    165     6.547     6.519     4.788     0.4419      0.4484      0.4463      0.3063
17      A         B           17           THR            0.00           320    317    165     6.547     6.519     4.788     0.4947      0.5025      0.5004      0.3544
18      A         B           18           ILE            0.00           320    317    166     6.547     6.519     4.803     0.5358      0.5430      0.5410      0.3943
19      A         B           19           THR            0.00           320    317    166     6.547     6.519     4.803     0.5465      0.5540      0.5520      0.4057
20      A         B           20           VAL            0.00           320    317    166     6.547     6.519     4.803     0.5782      0.5863      0.5843      0.4378
21      A         B           21           THR            0.00           320    317    166     6.547     6.519     4.803     0.5917      0.5999      0.5980      0.4521
22      A         B           22           ALA            0.00           320    317    166     6.547     6.519     4.803     0.6094      0.6180      0.6161      0.4713
23      A         B           23           THR            0.00           320    317    166     6.547     6.519     4.803     0.5699      0.5775      0.5756      0.4287
24      A         B           24           VAL            0.00           320    317    166     6.547     6.519     4.803     0.6242      0.6329      0.6310      0.4876
25      A         B           25           THR            0.00           320    317    166     6.547     6.519     4.803     0.5946      0.6028      0.6008      0.4552
26      A         B           26           ASN            0.00           320    317    166     6.547     6.519     4.803     0.5804      0.5882      0.5862      0.4410
27      A         B           27           THR            0.00           320    317    166     6.547     6.519     4.803     0.5384      0.5455      0.5435      0.3973
28      A         B           28           SER            0.00           320    317    165     6.547     6.519     4.788     0.4804      0.4881      0.4861      0.3433
29      A         B           29           ASP            0.00           320    317    150     6.547     6.519     4.561     0.4210      0.4424      0.4404      0.2834
30      A         B           30           THR            0.00           320    317    165     6.547     6.519     4.788     0.5162      0.5244      0.5224      0.3779
31      A         B           31           VAL            0.00           320    317    166     6.547     6.519     4.803     0.5789      0.5869      0.5850      0.4413
32      A         B           32           GLN            0.00           320    317    166     6.547     6.519     4.803     0.5524      0.5600      0.5580      0.4137
33      A         B           33           ASP            0.00           320    317    166     6.547     6.519     4.803     0.6463      0.6556      0.6538      0.5131
34      A         B           34           VAL            0.00           320    317    168     6.547     6.519     4.832     0.6805      0.6855      0.6838      0.5507
35      A         B           35           LEU            0.00           320    317    168     6.547     6.519     4.832     0.7125      0.7179      0.7163      0.5882
36      A         B           36           VAL            0.00           320    317    169     6.547     6.519     4.847     0.7187      0.7217      0.7201      0.5950
37      A         B           37           ARG            0.00           320    317    168     6.547     6.519     4.832     0.7024      0.7078      0.7062      0.5765
38      A         B           38           LEU            0.00           320    317    167     6.547     6.519     4.818     0.7003      0.7082      0.7066      0.5748
39      A         B           39           THR            0.00           320    317    166     6.547     6.519     4.803     0.6386      0.6478      0.6459      0.5033
40      A         B           40           PHE            0.00           320    317    166     6.547     6.519     4.803     0.6313      0.6404      0.6385      0.4950
41      A         B           41           GLU            0.00           320    317    166     6.547     6.519     4.803     0.5715      0.5796      0.5776      0.4311
42      A         B           42           ALA            0.00           320    317    166     6.547     6.519     4.803     0.5358      0.5432      0.5412      0.3948
43      A         B           43           ASP            0.00           320    317    165     6.547     6.519     4.788     0.4503      0.4572      0.4552      0.3134
44      A         B           44           GLN            0.00           320    317    143     6.547     6.519     4.449     0.3670      0.3852      0.3832      0.2268
45      A         B           45           PRO            0.00           320    317    144     6.547     6.519     4.465     0.3600      0.3763      0.3744      0.2209
46      A         B           46           ALA            0.00           320    317     52     6.547     6.519     2.332     0.2857      0.3523      0.3504      0.0651
47      A         B           47           SER            0.00           320    317     32     6.547     6.519     1.388     0.2539      0.3393      0.3375      0.0227
48      A         B           48           PRO            0.00           320    317     29     6.547     6.519     1.189     0.2580      0.3407      0.3388      0.0169
49      A         B           49           GLY            0.00           320    317     73     6.547     6.519     3.000     0.3041      0.3826      0.3806      0.1170
50      A         B           50           THR            0.00           320    317    166     6.547     6.519     4.803     0.4809      0.4872      0.4852      0.3427
51      A         B           51           VAL            0.00           320    317    166     6.547     6.519     4.803     0.5396      0.5472      0.5452      0.3992
52      A         B           52           THR            0.00           320    317    166     6.547     6.519     4.803     0.5563      0.5639      0.5619      0.4155
53      A         B           53           VAL            0.00           320    317    166     6.547     6.519     4.803     0.6082      0.6167      0.6148      0.4698
54      A         B           54           THR            0.00           320    317    166     6.547     6.519     4.803     0.5840      0.5920      0.5900      0.4442
55      A         B           55           ILE            0.00           320    317    166     6.547     6.519     4.803     0.5830      0.5910      0.5890      0.4433
56      A         B           56           SER            0.00           320    317    166     6.547     6.519     4.803     0.4711      0.4770      0.4750      0.3340
57      A         B           57           GLY            0.00           320    317    110     6.547     6.519     3.858     0.3476      0.3943      0.3923      0.1875
58      A         B           58           PRO            0.00           320    317    125     6.547     6.519     4.141     0.3728      0.4131      0.4111      0.2242
59      A         B           59           SER            0.00           320    317     68     6.547     6.519     2.858     0.2999      0.4026      0.4006      0.1178
60      A         B           60           GLY            0.00           320    317    101     6.547     6.519     3.673     0.3552      0.4316      0.4297      0.2007
61      A         B           61           LEU            0.00           320    317    149     6.547     6.519     4.545     0.4245      0.4489      0.4469      0.2882
62      A         B           62           THR            0.00           320    317    148     6.547     6.519     4.530     0.4321      0.4593      0.4573      0.2972
63      A         B           63           PHE            0.00           320    317    160     6.547     6.519     4.714     0.4542      0.4688      0.4668      0.3212
64      A         B           64           SER            0.00           320    317    165     6.547     6.519     4.788     0.5293      0.5383      0.5363      0.3909
65      A         B           65           LEU            0.00           320    317    168     6.547     6.519     4.832     0.6999      0.7052      0.7036      0.5738
66      A         B           66           VAL            0.00           320    317    168     6.547     6.519     4.832     0.7201      0.7258      0.7242      0.5975
67      A         B           67           ASP            0.00           320    317    167     6.547     6.519     4.818     0.6813      0.6890      0.6873      0.5537
68      A         B           68           SER            0.00           320    317    166     6.547     6.519     4.803     0.6165      0.6256      0.6238      0.4828
69      A         B           69           LEU            0.00           320    317    165     6.547     6.519     4.788     0.4949      0.5034      0.5014      0.3599
70      A         B           70           PRO            0.00           320    317    165     6.547     6.519     4.788     0.4664      0.4738      0.4718      0.3310
71      A         B           71           PRO            0.00           320    317    166     6.547     6.519     4.803     0.5172      0.5242      0.5222      0.3780
72      A         B           72           ALA            0.00           320    317    166     6.547     6.519     4.803     0.5702      0.5783      0.5764      0.4324
73      A         B           73           VAL            0.00           320    317    166     6.547     6.519     4.803     0.5656      0.5735      0.5715      0.4264
74      A         B           74           LEU            0.00           320    317    166     6.547     6.519     4.803     0.5277      0.5351      0.5331      0.3889
75      A         B           75           ASP            0.00           320    317    166     6.547     6.519     4.803     0.5193      0.5263      0.5243      0.3801
76      A         B           76           GLU            0.00           320    317    165     6.547     6.519     4.788     0.4692      0.4765      0.4745      0.3326
77      A         B           77           ALA            0.00           320    317    165     6.547     6.519     4.788     0.4610      0.4681      0.4661      0.3250
78      A         B           78           ASN            0.00           320    317    165     6.547     6.519     4.788     0.4424      0.4489      0.4469      0.3077
79      A         B           79           ARG            0.00           320    317    165     6.547     6.519     4.788     0.4774      0.4848      0.4828      0.3393
80      A         B           80           THR            0.00           320    317    166     6.547     6.519     4.803     0.5494      0.5569      0.5549      0.4096
81      A         B           81           VAL            0.00           320    317    166     6.547     6.519     4.803     0.5817      0.5900      0.5880      0.4421
82      A         B           82           SER            0.00           320    317    166     6.547     6.519     4.803     0.5522      0.5598      0.5578      0.4130
83      A         B           83           PHE            0.00           320    317    166     6.547     6.519     4.803     0.5408      0.5485      0.5465      0.4012
84      A         B           84           GLU            0.00           320    317    165     6.547     6.519     4.788     0.5125      0.5210      0.5190      0.3734
85      A         B           85           LEU            0.00           320    317    163     6.547     6.519     4.759     0.4184      0.4265      0.4245      0.2861
86      A         B           86           LEU            0.00           320    317     25     6.547     6.519     1.000     0.2135      0.3558      0.3539      0.0129
87      A         B           87           GLY            0.00           320    317     24     6.547     6.519     1.000     0.2164      0.3590      0.3571      0.0131
88      A         B           88           GLY            0.00           320    317     55     6.547     6.519     2.441     0.2776      0.3665      0.3646      0.0756
89      A         B           89           THR            0.00           320    317    132     6.547     6.519     4.265     0.3699      0.3993      0.3973      0.2230
90      A         B           90           THR            0.00           320    317    165     6.547     6.519     4.788     0.5468      0.5562      0.5542      0.4071
91      A         B           91           TYR            0.00           320    317    166     6.547     6.519     4.803     0.6251      0.6342      0.6323      0.4891
92      A         B           92           GLU            0.00           320    317    166     6.547     6.519     4.803     0.6315      0.6407      0.6388      0.4981
93      A         B           93           VAL            0.00           320    317    167     6.547     6.519     4.818     0.6936      0.7014      0.6997      0.5667
94      A         B           94           VAL            0.00           320    317    169     6.547     6.519     4.847     0.7359      0.7390      0.7375      0.6163
95      A         B           95           LEU            0.00           320    317    168     6.547     6.519     4.832     0.7234      0.7290      0.7274      0.6021
96      A         B           96           LEU            0.00           320    317    168     6.547     6.519     4.832     0.7201      0.7257      0.7241      0.5977
97      A         B           97           LEU            0.00           320    317    168     6.547     6.519     4.832     0.6809      0.6860      0.6843      0.5514
98      A         B           98           GLN            0.00           320    317    166     6.547     6.519     4.803     0.6015      0.6099      0.6080      0.4661
99      A         B           99           ASN            0.00           320    317    166     6.547     6.519     4.803     0.5731      0.5810      0.5791      0.4367
100     A         B          100           LEU            0.00           320    317    166     6.547     6.519     4.803     0.6083      0.6165      0.6147      0.4714
101     A         B          101           LYS            0.00           320    317    167     6.547     6.519     4.818     0.5972      0.6033      0.6014      0.4589
102     A         B          102           PRO            0.00           320    317    166     6.547     6.519     4.803     0.5600      0.5675      0.5655      0.4207
103     A         B          103           GLY            0.00           320    317    166     6.547     6.519     4.803     0.5274      0.5343      0.5323      0.3878
104     A         B          104           GLU            0.00           320    317    166     6.547     6.519     4.803     0.5921      0.6000      0.5981      0.4524
105     A         B          105           THR            0.00           320    317    167     6.547     6.519     4.818     0.6014      0.6076      0.6057      0.4619
106     A         B          106           VAL            0.00           320    317    166     6.547     6.519     4.803     0.6125      0.6209      0.6190      0.4742
107     A         B          107           THR            0.00           320    317    166     6.547     6.519     4.803     0.5939      0.6020      0.6001      0.4539
108     A         B          108           PHE            0.00           320    317    166     6.547     6.519     4.803     0.6269      0.6358      0.6339      0.4916
109     A         B          109           THR            0.00           320    317    166     6.547     6.519     4.803     0.5843      0.5924      0.5904      0.4446
110     A         B          110           LEU            0.00           320    317    166     6.547     6.519     4.803     0.5499      0.5573      0.5553      0.4086
111     A         B          111           THR            0.00           320    317    166     6.547     6.519     4.803     0.5210      0.5280      0.5260      0.3805
112     A         B          112           ILE            0.00           320    317    166     6.547     6.519     4.803     0.5286      0.5358      0.5338      0.3876
113     A         B          113           PRO            0.00           320    317    165     6.547     6.519     4.788     0.4752      0.4823      0.4803      0.3366
114     A         B          114           ASN            0.00           320    317    165     6.547     6.519     4.788     0.4258      0.4319      0.4298      0.2918
115     A         B          115           ALA            0.00           320    317    165     6.547     6.519     4.788     0.4156      0.4213      0.4193      0.2823
116     A         B          116           THR            0.00           320    317    165     6.547     6.519     4.788     0.4165      0.4225      0.4205      0.2836
117     A         B          117           THR            0.00           320    317    165     6.547     6.519     4.788     0.4184      0.4244      0.4224      0.2850
118     A         B          118           SER            0.00           320    317    165     6.547     6.519     4.788     0.4355      0.4423      0.4403      0.3010
119     A         B          119           ASP            0.00           320    317    165     6.547     6.519     4.788     0.4530      0.4599      0.4579      0.3156
120     A         B          120           SER            0.00           320    317    165     6.547     6.519     4.788     0.4775      0.4851      0.4830      0.3382
121     A         B          121           GLY            0.00           320    317    165     6.547     6.519     4.788     0.4856      0.4932      0.4911      0.3453
122     A         B          122           THR            0.00           320    317    166     6.547     6.519     4.803     0.5996      0.6081      0.6061      0.4596
123     A         B          123           TYR            0.00           320    317    166     6.547     6.519     4.803     0.6445      0.6537      0.6519      0.5098
124     A         B          124           ARG            0.00           320    317    166     6.547     6.519     4.803     0.6164      0.6250      0.6231      0.4781
125     A         B          125           VAL            0.00           320    317    167     6.547     6.519     4.818     0.6633      0.6706      0.6688      0.5308
126     A         B          126           ALA            0.00           320    317    167     6.547     6.519     4.818     0.6601      0.6673      0.6655      0.5272
127     A         B          127           ALA            0.00           320    317    166     6.547     6.519     4.803     0.6323      0.6413      0.6394      0.4974
128     A         B          128           ARG            0.00           320    317    164     6.547     6.519     4.774     0.4804      0.4900      0.4880      0.3471
129     A         B          129           THR            0.00           320    317    158     6.547     6.519     4.684     0.4668      0.4841      0.4821      0.3332
130     A         B          130           SER            0.00           320    317    161     6.547     6.519     4.729     0.4684      0.4815      0.4795      0.3331
131     A         B          131           LEU            0.00           320    317    164     6.547     6.519     4.774     0.5208      0.5319      0.5299      0.3848
132     A         B          132           ASP            0.00           320    317    155     6.547     6.519     4.639     0.4682      0.4902      0.4882      0.3340
133     A         B          133           LEU            0.00           320    317    131     6.547     6.519     4.247     0.4080      0.4559      0.4540      0.2697
134     A         B          134           ASN            0.00           320    317    140     6.547     6.519     4.400     0.4179      0.4568      0.4548      0.2830
135     A         B          135           ALA            0.00           320    317    153     6.547     6.519     4.608     0.4427      0.4656      0.4636      0.3077
136     A         B          136           PRO            0.00           320    317    160     6.547     6.519     4.714     0.4767      0.4916      0.4896      0.3399
137     A         B          137           TRP            0.00           320    317    166     6.547     6.519     4.803     0.5742      0.5825      0.5806      0.4358
138     A         B          138           GLU            0.00           320    317    166     6.547     6.519     4.803     0.5668      0.5748      0.5728      0.4261
139     A         B          139           ALA            0.00           320    317    166     6.547     6.519     4.803     0.5436      0.5510      0.5490      0.4024
140     A         B          140           GLU            0.00           320    317    166     6.547     6.519     4.803     0.5394      0.5468      0.5447      0.3984
141     A         B          141           SER            0.00           320    317    165     6.547     6.519     4.788     0.5185      0.5269      0.5249      0.3776
142     A         B          142           ALA            0.00           320    317    165     6.547     6.519     4.788     0.4819      0.4895      0.4875      0.3420
143     A         B          143           GLY            0.00           320    317    166     6.547     6.519     4.803     0.4916      0.4979      0.4959      0.3513
144     A         B          144           LEU            0.00           320    317    166     6.547     6.519     4.803     0.5580      0.5655      0.5635      0.4158
145     A         B          145           THR            0.00           320    317    166     6.547     6.519     4.803     0.5730      0.5808      0.5788      0.4312
146     A         B          146           VAL            0.00           320    317    166     6.547     6.519     4.803     0.5567      0.5643      0.5623      0.4147
147     A         B          147           THR            0.00           320    317    166     6.547     6.519     4.803     0.5160      0.5229      0.5208      0.3745
148     A         B          148           VAL            0.00           320    317    165     6.547     6.519     4.788     0.4814      0.4888      0.4867      0.3414
149     A         B          149           LEU            0.00           320    317    131     6.547     6.519     4.247     0.3564      0.3825      0.3806      0.2086
150     A         B          150           SER            0.00           320    317      0     6.547     6.519     1.000     0.1591      0.0000      0.0000      0.0000
151     B         A            1           LYS            0.00           320    315     15     6.547     6.501     1.000     0.2034      0.3380      0.3349      0.0118
152     B         A            2           VAL            0.00           320    315    150     6.547     6.501     4.561     0.5362      0.5362      0.5328      0.3645
153     B         A            3           CYS            0.00           320    315    150     6.547     6.501     4.561     0.6193      0.6193      0.6161      0.4468
154     B         A            4           ASN            0.00           320    315    150     6.547     6.501     4.561     0.6411      0.6411      0.6380      0.4700
155     B         A            5           GLY            0.00           320    315    150     6.547     6.501     4.561     0.6100      0.6100      0.6068      0.4377
156     B         A            6           ILE            0.00           320    315    150     6.547     6.501     4.561     0.6038      0.6038      0.6006      0.4316
157     B         A            7           GLY            0.00           320    315    148     6.547     6.501     4.530     0.5024      0.5053      0.5020      0.3370
158     B         A            8           ILE            0.00           320    315    145     6.547     6.501     4.482     0.4788      0.4854      0.4821      0.3128
159     B         A            9           GLY            0.00           320    315    147     6.547     6.501     4.514     0.4753      0.4791      0.4757      0.3107
160     B         A           10           GLU            0.00           320    315    144     6.547     6.501     4.465     0.4919      0.5007      0.4973      0.3256
161     B         A           11           PHE            0.00           320    315    150     6.547     6.501     4.561     0.5674      0.5674      0.5642      0.3979
162     B         A           12           LYS            0.00           320    315    119     6.547     6.501     4.031     0.4437      0.4952      0.4919      0.2820
163     B         A           13           ASP            0.00           320    315    139     6.547     6.501     4.383     0.4934      0.5104      0.5071      0.3299
164     B         A           14           SER            0.00           320    315    150     6.547     6.501     4.561     0.5776      0.5776      0.5744      0.4077
165     B         A           15           LEU            0.00           320    315    150     6.547     6.501     4.561     0.6857      0.6857      0.6828      0.5228
166     B         A           16           SER            0.00           320    315    150     6.547     6.501     4.561     0.7241      0.7241      0.7214      0.5680
167     B         A           17           ILE            0.00           320    315    150     6.547     6.501     4.561     0.7016      0.7016      0.6987      0.5398
168     B         A           18           ASN            0.00           320    315    150     6.547     6.501     4.561     0.6447      0.6447      0.6415      0.4740
169     B         A           19           ALA            0.00           320    315    150     6.547     6.501     4.561     0.6749      0.6749      0.6719      0.5084
170     B         A           20           THR            0.00           320    315    150     6.547     6.501     4.561     0.5674      0.5674      0.5641      0.3968
171     B         A           21           ASN            0.00           320    315    150     6.547     6.501     4.561     0.6081      0.6081      0.6049      0.4352
172     B         A           22           ILE            0.00           320    315    150     6.547     6.501     4.561     0.6229      0.6229      0.6197      0.4507
173     B         A           23           LYS            0.00           320    315    150     6.547     6.501     4.561     0.5802      0.5802      0.5769      0.4080
174     B         A           24           HIS            0.00           320    315    150     6.547     6.501     4.561     0.5867      0.5867      0.5834      0.4137
175     B         A           25           PHE            0.00           320    315    150     6.547     6.501     4.561     0.6338      0.6338      0.6306      0.4629
176     B         A           26           LYS            0.00           320    315    150     6.547     6.501     4.561     0.5661      0.5661      0.5627      0.3942
177     B         A           27           ASN            0.00           320    315    150     6.547     6.501     4.561     0.4865      0.4865      0.4831      0.3197
178     B         A           28           CYS            0.00           320    315    150     6.547     6.501     4.561     0.5524      0.5524      0.5491      0.3796
179     B         A           29           THR            0.00           320    315    150     6.547     6.501     4.561     0.5580      0.5580      0.5547      0.3842
180     B         A           30           SER            0.00           320    315    150     6.547     6.501     4.561     0.6313      0.6313      0.6281      0.4587
181     B         A           31           ILE            0.00           320    315    150     6.547     6.501     4.561     0.6467      0.6467      0.6436      0.4760
182     B         A           32           SER            0.00           320    315    150     6.547     6.501     4.561     0.6086      0.6086      0.6053      0.4365
183     B         A           33           GLY            0.00           320    315    150     6.547     6.501     4.561     0.6099      0.6099      0.6067      0.4373
184     B         A           34           ASP            0.00           320    315    150     6.547     6.501     4.561     0.6607      0.6607      0.6576      0.4930
185     B         A           35           LEU            0.00           320    315    150     6.547     6.501     4.561     0.7020      0.7020      0.6991      0.5408
186     B         A           36           HIS            0.00           320    315    150     6.547     6.501     4.561     0.6946      0.6946      0.6917      0.5326
187     B         A           37           ILE            0.00           320    315    150     6.547     6.501     4.561     0.7164      0.7164      0.7136      0.5589
188     B         A           38           LEU            0.00           320    315    150     6.547     6.501     4.561     0.7139      0.7139      0.7112      0.5549
189     B         A           39           PRO            0.00           320    315    150     6.547     6.501     4.561     0.7045      0.7045      0.7016      0.5434
190     B         A           40           VAL            0.00           320    315    150     6.547     6.501     4.561     0.7311      0.7311      0.7284      0.5759
191     B         A           41           ALA            0.00           320    315    150     6.547     6.501     4.561     0.7319      0.7319      0.7292      0.5765
192     B         A           42           PHE            0.00           320    315    150     6.547     6.501     4.561     0.6934      0.6934      0.6905      0.5309
193     B         A           43           ARG            0.00           320    315    150     6.547     6.501     4.561     0.6383      0.6383      0.6352      0.4710
194     B         A           44           GLY            0.00           320    315    150     6.547     6.501     4.561     0.6139      0.6139      0.6107      0.4450
195     B         A           45           ASP            0.00           320    315    150     6.547     6.501     4.561     0.5823      0.5823      0.5791      0.4138
196     B         A           46           SER            0.00           320    315    149     6.547     6.501     4.545     0.5679      0.5697      0.5665      0.4030
197     B         A           47           PHE            0.00           320    315    150     6.547     6.501     4.561     0.5995      0.5995      0.5964      0.4352
198     B         A           48           THR            0.00           320    315    150     6.547     6.501     4.561     0.6111      0.6111      0.6080      0.4460
199     B         A           49           HIS            0.00           320    315    150     6.547     6.501     4.561     0.5942      0.5942      0.5910      0.4285
200     B         A           50           THR            0.00           320    315    150     6.547     6.501     4.561     0.6207      0.6207      0.6175      0.4523
201     B         A           51           PRO            0.00           320    315    150     6.547     6.501     4.561     0.6256      0.6256      0.6225      0.4562
202     B         A           52           PRO            0.00           320    315    150     6.547     6.501     4.561     0.6753      0.6753      0.6723      0.5092
203     B         A           53           LEU            0.00           320    315    150     6.547     6.501     4.561     0.6672      0.6672      0.6642      0.4997
204     B         A           54           ASP            0.00           320    315    150     6.547     6.501     4.561     0.6167      0.6167      0.6135      0.4456
205     B         A           55           PRO            0.00           320    315    150     6.547     6.501     4.561     0.5834      0.5834      0.5800      0.4104
206     B         A           56           GLN            0.00           320    315    150     6.547     6.501     4.561     0.5479      0.5479      0.5445      0.3768
207     B         A           57           GLU            0.00           320    315    150     6.547     6.501     4.561     0.5725      0.5725      0.5692      0.3992
208     B         A           58           LEU            0.00           320    315    150     6.547     6.501     4.561     0.6461      0.6461      0.6430      0.4763
209     B         A           59           ASP            0.00           320    315    150     6.547     6.501     4.561     0.6328      0.6328      0.6296      0.4609
210     B         A           60           ILE            0.00           320    315    150     6.547     6.501     4.561     0.6480      0.6480      0.6449      0.4779
211     B         A           61           LEU            0.00           320    315    150     6.547     6.501     4.561     0.6387      0.6387      0.6356      0.4677
212     B         A           62           LYS            0.00           320    315    150     6.547     6.501     4.561     0.6507      0.6507      0.6476      0.4814
213     B         A           63           THR            0.00           320    315    150     6.547     6.501     4.561     0.5853      0.5853      0.5819      0.4112
214     B         A           64           VAL            0.00           320    315    150     6.547     6.501     4.561     0.6283      0.6283      0.6251      0.4563
215     B         A           65           LYS            0.00           320    315    150     6.547     6.501     4.561     0.5923      0.5923      0.5890      0.4182
216     B         A           66           GLU            0.00           320    315    150     6.547     6.501     4.561     0.6436      0.6436      0.6405      0.4724
217     B         A           67           ILE            0.00           320    315    150     6.547     6.501     4.561     0.6745      0.6745      0.6715      0.5081
218     B         A           68           THR            0.00           320    315    150     6.547     6.501     4.561     0.6178      0.6178      0.6146      0.4449
219     B         A           69           GLY            0.00           320    315    150     6.547     6.501     4.561     0.6443      0.6443      0.6412      0.4738
220     B         A           70           PHE            0.00           320    315    150     6.547     6.501     4.561     0.7028      0.7028      0.6999      0.5420
221     B         A           71           LEU            0.00           320    315    150     6.547     6.501     4.561     0.7198      0.7198      0.7171      0.5631
222     B         A           72           LEU            0.00           320    315    150     6.547     6.501     4.561     0.7198      0.7198      0.7170      0.5621
223     B         A           73           ILE            0.00           320    315    150     6.547     6.501     4.561     0.7074      0.7074      0.7046      0.5476
224     B         A           74           GLN            0.00           320    315    150     6.547     6.501     4.561     0.6246      0.6246      0.6214      0.4562
225     B         A           75           ALA            0.00           320    315    150     6.547     6.501     4.561     0.6744      0.6744      0.6715      0.5081
226     B         A           76           TRP            0.00           320    315    150     6.547     6.501     4.561     0.6741      0.6741      0.6712      0.5085
227     B         A           77           PRO            0.00           320    315    150     6.547     6.501     4.561     0.5767      0.5767      0.5734      0.4056
228     B         A           78           GLU            0.00           320    315    137     6.547     6.501     4.350     0.4284      0.4426      0.4393      0.2650
229     B         A           79           ASN            0.00           320    315    126     6.547     6.501     4.159     0.4123      0.4408      0.4375      0.2469
230     B         A           80           ARG            0.00           320    315    146     6.547     6.501     4.498     0.4493      0.4536      0.4502      0.2861
231     B         A           81           THR            0.00           320    315    139     6.547     6.501     4.383     0.3965      0.4052      0.4018      0.2369
232     B         A           82           ASP            0.00           320    315    150     6.547     6.501     4.561     0.5099      0.5099      0.5065      0.3406
233     B         A           83           LEU            0.00           320    315    150     6.547     6.501     4.561     0.6090      0.6090      0.6058      0.4372
234     B         A           84           HIS            0.00           320    315    150     6.547     6.501     4.561     0.4972      0.4972      0.4937      0.3281
235     B         A           85           ALA            0.00           320    315    150     6.547     6.501     4.561     0.5710      0.5710      0.5677      0.3975
236     B         A           86           PHE            0.00           320    315    150     6.547     6.501     4.561     0.6512      0.6512      0.6481      0.4821
237     B         A           87           GLU            0.00           320    315    150     6.547     6.501     4.561     0.6207      0.6207      0.6176      0.4493
238     B         A           88           ASN            0.00           320    315    150     6.547     6.501     4.561     0.6049      0.6049      0.6016      0.4317
239     B         A           89           LEU            0.00           320    315    150     6.547     6.501     4.561     0.6266      0.6266      0.6235      0.4549
240     B         A           90           GLU            0.00           320    315    150     6.547     6.501     4.561     0.6210      0.6210      0.6178      0.4478
241     B         A           91           ILE            0.00           320    315    150     6.547     6.501     4.561     0.6051      0.6051      0.6018      0.4308
242     B         A           92           ILE            0.00           320    315    150     6.547     6.501     4.561     0.6705      0.6705      0.6675      0.5034
243     B         A           93           ARG            0.00           320    315    150     6.547     6.501     4.561     0.6331      0.6331      0.6299      0.4615
244     B         A           94           GLY            0.00           320    315    150     6.547     6.501     4.561     0.6220      0.6220      0.6188      0.4502
245     B         A           95           ARG            0.00           320    315    150     6.547     6.501     4.561     0.6297      0.6297      0.6265      0.4586
246     B         A           96           THR            0.00           320    315    150     6.547     6.501     4.561     0.6488      0.6488      0.6457      0.4795
247     B         A           97           LYS            0.00           320    315    150     6.547     6.501     4.561     0.6690      0.6690      0.6660      0.5036
248     B         A           98           GLN            0.00           320    315    150     6.547     6.501     4.561     0.6549      0.6549      0.6518      0.4870
249     B         A           99           HIS            0.00           320    315    150     6.547     6.501     4.561     0.6161      0.6161      0.6129      0.4454
250     B         A          100           GLY            0.00           320    315    150     6.547     6.501     4.561     0.6370      0.6370      0.6338      0.4675
251     B         A          101           GLN            0.00           320    315    150     6.547     6.501     4.561     0.6245      0.6245      0.6213      0.4534
252     B         A          102           PHE            0.00           320    315    150     6.547     6.501     4.561     0.6747      0.6747      0.6717      0.5093
253     B         A          103           SER            0.00           320    315    150     6.547     6.501     4.561     0.6336      0.6336      0.6305      0.4635
254     B         A          104           LEU            0.00           320    315    150     6.547     6.501     4.561     0.6969      0.6969      0.6940      0.5354
255     B         A          105           ALA            0.00           320    315    150     6.547     6.501     4.561     0.6942      0.6942      0.6914      0.5314
256     B         A          106           VAL            0.00           320    315    150     6.547     6.501     4.561     0.6735      0.6735      0.6706      0.5087
257     B         A          107           VAL            0.00           320    315    150     6.547     6.501     4.561     0.6368      0.6368      0.6336      0.4680
258     B         A          108           SER            0.00           320    315    150     6.547     6.501     4.561     0.6118      0.6118      0.6086      0.4413
259     B         A          109           LEU            0.00           320    315    150     6.547     6.501     4.561     0.6550      0.6550      0.6520      0.4873
260     B         A          110           ASN            0.00           320    315    150     6.547     6.501     4.561     0.5986      0.5986      0.5953      0.4267
261     B         A          111           ILE            0.00           320    315    150     6.547     6.501     4.561     0.6378      0.6378      0.6347      0.4670
262     B         A          112           THR            0.00           320    315    150     6.547     6.501     4.561     0.5985      0.5985      0.5952      0.4250
263     B         A          113           SER            0.00           320    315    150     6.547     6.501     4.561     0.5301      0.5301      0.5267      0.3580
264     B         A          114           LEU            0.00           320    315    150     6.547     6.501     4.561     0.5729      0.5729      0.5695      0.3997
265     B         A          115           GLY            0.00           320    315    150     6.547     6.501     4.561     0.5197      0.5197      0.5163      0.3488
266     B         A          116           LEU            0.00           320    315    150     6.547     6.501     4.561     0.5866      0.5866      0.5833      0.4133
267     B         A          117           ARG            0.00           320    315    150     6.547     6.501     4.561     0.5428      0.5428      0.5394      0.3709
268     B         A          118           SER            0.00           320    315    150     6.547     6.501     4.561     0.5756      0.5756      0.5723      0.4018
269     B         A          119           LEU            0.00           320    315    150     6.547     6.501     4.561     0.5778      0.5778      0.5744      0.4042
270     B         A          120           LYS            0.00           320    315    150     6.547     6.501     4.561     0.4703      0.4703      0.4669      0.3046
271     B         A          121           GLU            0.00           320    315    150     6.547     6.501     4.561     0.6240      0.6240      0.6207      0.4515
272     B         A          122           ILE            0.00           320    315    150     6.547     6.501     4.561     0.6542      0.6542      0.6511      0.4844
273     B         A          123           SER            0.00           320    315    150     6.547     6.501     4.561     0.6145      0.6145      0.6112      0.4414
274     B         A          124           ASP            0.00           320    315    150     6.547     6.501     4.561     0.6450      0.6450      0.6419      0.4745
275     B         A          125           GLY            0.00           320    315    150     6.547     6.501     4.561     0.6168      0.6168      0.6136      0.4442
276     B         A          126           ASP            0.00           320    315    150     6.547     6.501     4.561     0.6549      0.6549      0.6518      0.4858
277     B         A          127           VAL            0.00           320    315    150     6.547     6.501     4.561     0.6699      0.6699      0.6669      0.5040
278     B         A          128           ILE            0.00           320    315    150     6.547     6.501     4.561     0.6562      0.6562      0.6531      0.4869
279     B         A          129           ILE            0.00           320    315    150     6.547     6.501     4.561     0.6499      0.6499      0.6468      0.4817
280     B         A          130           SER            0.00           320    315    150     6.547     6.501     4.561     0.5957      0.5957      0.5924      0.4242
281     B         A          131           GLY            0.00           320    315    150     6.547     6.501     4.561     0.5832      0.5832      0.5798      0.4107
282     B         A          132           ASN            0.00           320    315    150     6.547     6.501     4.561     0.6209      0.6209      0.6177      0.4503
283     B         A          133           LYS            0.00           320    315    150     6.547     6.501     4.561     0.5736      0.5736      0.5703      0.4020
284     B         A          134           ASN            0.00           320    315    150     6.547     6.501     4.561     0.5928      0.5928      0.5895      0.4195
285     B         A          135           LEU            0.00           320    315    150     6.547     6.501     4.561     0.5136      0.5136      0.5102      0.3444
286     B         A          136           CYS            0.00           320    315     87     6.547     6.501     3.359     0.3385      0.3931      0.3899      0.1489
287     B         A          137           TYR            0.00           320    315     32     6.547     6.501     1.388     0.2619      0.3458      0.3427      0.0235
288     B         A          138           ALA            0.00           320    315     62     6.547     6.501     2.675     0.3038      0.3623      0.3591      0.0875
289     B         A          139           ASN            0.00           320    315     69     6.547     6.501     2.887     0.3102      0.3625      0.3593      0.1006
290     B         A          140           THR            0.00           320    315     69     6.547     6.501     2.887     0.3093      0.3671      0.3638      0.1025
291     B         A          141           ILE            0.00           320    315    115     6.547     6.501     3.956     0.3541      0.3772      0.3739      0.1828
292     B         A          142           ASN            0.00           320    315    130     6.547     6.501     4.230     0.3779      0.3927      0.3894      0.2148
293     B         A          143           TRP            0.00           320    315    150     6.547     6.501     4.561     0.4892      0.4892      0.4858      0.3213
294     B         A          144           LYS            0.00           320    315    150     6.547     6.501     4.561     0.4835      0.4835      0.4801      0.3158
295     B         A          145           LYS            0.00           320    315    150     6.547     6.501     4.561     0.4603      0.4603      0.4569      0.2957
296     B         A          146           LEU            0.00           320    315    150     6.547     6.501     4.561     0.5538      0.5538      0.5504      0.3802
297     B         A          147           PHE            0.00           320    315    150     6.547     6.501     4.561     0.5451      0.5451      0.5418      0.3728
298     B         A          148           GLY            0.00           320    315    142     6.547     6.501     4.433     0.4046      0.4108      0.4075      0.2450
299     B         A          149           THR            0.00           320    315    133     6.547     6.501     4.282     0.3704      0.3816      0.3784      0.2108
300     B         A          150           SER            0.00           320    315     91     6.547     6.501     3.452     0.3309      0.3714      0.3682      0.1430
301     B         A          151           GLY            0.00           320    315    137     6.547     6.501     4.350     0.4080      0.4203      0.4170      0.2471
302     B         A          152           GLN            0.00           320    315    150     6.547     6.501     4.561     0.5614      0.5614      0.5581      0.3884
303     B         A          153           LYS            0.00           320    315    150     6.547     6.501     4.561     0.5386      0.5386      0.5353      0.3674
304     B         A          154           THR            0.00           320    315    150     6.547     6.501     4.561     0.6022      0.6022      0.5989      0.4298
305     B         A          155           LYS            0.00           320    315    150     6.547     6.501     4.561     0.6082      0.6082      0.6049      0.4357
306     B         A          156           ILE            0.00           320    315    150     6.547     6.501     4.561     0.5984      0.5984      0.5951      0.4265
307     B         A          157           ILE            0.00           320    315    150     6.547     6.501     4.561     0.5234      0.5234      0.5200      0.3538
308     B         A          158           SER            0.00           320    315    150     6.547     6.501     4.561     0.4979      0.4979      0.4945      0.3301
309     B         A          159           ASN            0.00           320    315    150     6.547     6.501     4.561     0.5167      0.5167      0.5133      0.3475
310     B         A          160           ARG            0.00           320    315    118     6.547     6.501     4.013     0.3761      0.4026      0.3993      0.2067
311     B         A          161           GLY            0.00           320    315     25     6.547     6.501     1.000     0.2268      0.3545      0.3513      0.0128
312     B         A          162           GLU            0.00           320    315     26     6.547     6.501     1.000     0.2334      0.3572      0.3540      0.0130
313     B         A          163           ASN            0.00           320    315     12     6.547     6.501     1.000     0.2098      0.3452      0.3420      0.0122
314     B         A          164           SER            0.00           320    315      5     6.547     6.501     1.000     0.2009      0.3333      0.3302      0.0115
315     B         A          165           CYS            0.00           320    315     13     6.547     6.501     1.000     0.2095      0.3294      0.3263      0.0114
316     B         A          166           LYS            0.00           320    315      0     6.547     6.501     1.000     0.1200      0.0000      0.0000      0.0000
317     B         A          167           ALA            0.00           320    315      0     6.547     6.501     1.000     0.0804      0.0000      0.0000      0.0000
318     B         A          168           THR            0.00           320    315      0     6.547     6.501     1.000     0.0603      0.0000      0.0000      0.0000
319     B         A          169           GLY            0.00           320    315      0     6.547     6.501     1.000     0.0516      0.0000      0.0000      0.0000
320     B         A          170           GLN            0.00           320    315      0     6.547     6.501     1.000     0.0473      0.0000      0.0000      0.0000
