i   AlignChn ScoredChain  AlignResNum  AlignResType  AlignRespLDDT      n0chn  n0dom  n0res    d0chn     d0dom     d0res   ipTM_pae  ipSAE_d0chn ipSAE_d0dom    ipSAE 
1       A         B            1           GLU            0.00           301      0      0     6.370     1.000     1.000     0.0540      0.0000      0.0000      0.0000
2       A         B            2           VAL            0.00           301      0      0     6.370     1.000     1.000     0.0592      0.0000      0.0000      0.0000
3       A         B            3           GLN            0.00           301      0      0     6.370     1.000     1.000     0.0604      0.0000      0.0000      0.0000
4       A         B            4           LEU            0.00           301      0      0     6.370     1.000     1.000     0.0600      0.0000      0.0000      0.0000
5       A         B            5           VAL            0.00           301      0      0     6.370     1.000     1.000     0.0619      0.0000      0.0000      0.0000
6       A         B            6           GLU            0.00           301      0      0     6.370     1.000     1.000     0.0618      0.0000      0.0000      0.0000
7       A         B            7           SER            0.00           301      0      0     6.370     1.000     1.000     0.0625      0.0000      0.0000      0.0000
8       A         B            8           GLY            0.00           301      0      0     6.370     1.000     1.000     0.0606      0.0000      0.0000      0.0000
9       A         B            9           GLY            0.00           301      0      0     6.370     1.000     1.000     0.0600      0.0000      0.0000      0.0000
10      A         B           10           GLY            0.00           301      0      0     6.370     1.000     1.000     0.0602      0.0000      0.0000      0.0000
11      A         B           11           LEU            0.00           301      0      0     6.370     1.000     1.000     0.0599      0.0000      0.0000      0.0000
12      A         B           12           VAL            0.00           301      0      0     6.370     1.000     1.000     0.0599      0.0000      0.0000      0.0000
13      A         B           13           GLN            0.00           301      0      0     6.370     1.000     1.000     0.0604      0.0000      0.0000      0.0000
14      A         B           14           ALA            0.00           301      0      0     6.370     1.000     1.000     0.0601      0.0000      0.0000      0.0000
15      A         B           15           GLY            0.00           301      0      0     6.370     1.000     1.000     0.0605      0.0000      0.0000      0.0000
16      A         B           16           GLY            0.00           301      0      0     6.370     1.000     1.000     0.0608      0.0000      0.0000      0.0000
17      A         B           17           SER            0.00           301      0      0     6.370     1.000     1.000     0.0612      0.0000      0.0000      0.0000
18      A         B           18           LEU            0.00           301      0      0     6.370     1.000     1.000     0.0604      0.0000      0.0000      0.0000
19      A         B           19           ARG            0.00           301      0      0     6.370     1.000     1.000     0.0613      0.0000      0.0000      0.0000
20      A         B           20           LEU            0.00           301      0      0     6.370     1.000     1.000     0.0602      0.0000      0.0000      0.0000
21      A         B           21           SER            0.00           301      0      0     6.370     1.000     1.000     0.0626      0.0000      0.0000      0.0000
22      A         B           22           CYS            0.00           301      0      0     6.370     1.000     1.000     0.0616      0.0000      0.0000      0.0000
23      A         B           23           ALA            0.00           301      0      0     6.370     1.000     1.000     0.0615      0.0000      0.0000      0.0000
24      A         B           24           ALA            0.00           301      0      0     6.370     1.000     1.000     0.0612      0.0000      0.0000      0.0000
25      A         B           25           SER            0.00           301      0      0     6.370     1.000     1.000     0.0610      0.0000      0.0000      0.0000
26      A         B           26           GLY            0.00           301      0      0     6.370     1.000     1.000     0.0608      0.0000      0.0000      0.0000
27      A         B           27           PHE            0.00           301      0      0     6.370     1.000     1.000     0.0609      0.0000      0.0000      0.0000
28      A         B           28           THR            0.00           301      0      0     6.370     1.000     1.000     0.0624      0.0000      0.0000      0.0000
29      A         B           29           PHE            0.00           301      0      0     6.370     1.000     1.000     0.0607      0.0000      0.0000      0.0000
30      A         B           30           SER            0.00           301      0      0     6.370     1.000     1.000     0.0618      0.0000      0.0000      0.0000
31      A         B           31           SER            0.00           301      0      0     6.370     1.000     1.000     0.0620      0.0000      0.0000      0.0000
32      A         B           32           SER            0.00           301      0      0     6.370     1.000     1.000     0.0610      0.0000      0.0000      0.0000
33      A         B           33           GLY            0.00           301      0      0     6.370     1.000     1.000     0.0608      0.0000      0.0000      0.0000
34      A         B           34           MET            0.00           301      0      0     6.370     1.000     1.000     0.0589      0.0000      0.0000      0.0000
35      A         B           35           SER            0.00           301      0      0     6.370     1.000     1.000     0.0599      0.0000      0.0000      0.0000
36      A         B           36           TRP            0.00           301      0      0     6.370     1.000     1.000     0.0604      0.0000      0.0000      0.0000
37      A         B           37           ILE            0.00           301      0      0     6.370     1.000     1.000     0.0601      0.0000      0.0000      0.0000
38      A         B           38           ARG            0.00           301      0      0     6.370     1.000     1.000     0.0609      0.0000      0.0000      0.0000
39      A         B           39           GLN            0.00           301      0      0     6.370     1.000     1.000     0.0616      0.0000      0.0000      0.0000
40      A         B           40           ALA            0.00           301      0      0     6.370     1.000     1.000     0.0609      0.0000      0.0000      0.0000
41      A         B           41           PRO            0.00           301      0      0     6.370     1.000     1.000     0.0593      0.0000      0.0000      0.0000
42      A         B           42           GLY            0.00           301      0      0     6.370     1.000     1.000     0.0593      0.0000      0.0000      0.0000
43      A         B           43           LYS            0.00           301      0      0     6.370     1.000     1.000     0.0613      0.0000      0.0000      0.0000
44      A         B           44           GLY            0.00           301      0      0     6.370     1.000     1.000     0.0605      0.0000      0.0000      0.0000
45      A         B           45           ARG            0.00           301      0      0     6.370     1.000     1.000     0.0605      0.0000      0.0000      0.0000
46      A         B           46           GLU            0.00           301      0      0     6.370     1.000     1.000     0.0600      0.0000      0.0000      0.0000
47      A         B           47           GLY            0.00           301      0      0     6.370     1.000     1.000     0.0606      0.0000      0.0000      0.0000
48      A         B           48           VAL            0.00           301      0      0     6.370     1.000     1.000     0.0598      0.0000      0.0000      0.0000
49      A         B           49           ALA            0.00           301      0      0     6.370     1.000     1.000     0.0599      0.0000      0.0000      0.0000
50      A         B           50           GLY            0.00           301      0      0     6.370     1.000     1.000     0.0600      0.0000      0.0000      0.0000
51      A         B           51           ILE            0.00           301      0      0     6.370     1.000     1.000     0.0608      0.0000      0.0000      0.0000
52      A         B           52           SER            0.00           301      0      0     6.370     1.000     1.000     0.0615      0.0000      0.0000      0.0000
53      A         B           53           SER            0.00           301      0      0     6.370     1.000     1.000     0.0617      0.0000      0.0000      0.0000
54      A         B           54           SER            0.00           301      0      0     6.370     1.000     1.000     0.0618      0.0000      0.0000      0.0000
55      A         B           55           GLY            0.00           301      0      0     6.370     1.000     1.000     0.0613      0.0000      0.0000      0.0000
56      A         B           56           SER            0.00           301      0      0     6.370     1.000     1.000     0.0614      0.0000      0.0000      0.0000
57      A         B           57           ALA            0.00           301      0      0     6.370     1.000     1.000     0.0621      0.0000      0.0000      0.0000
58      A         B           58           THR            0.00           301      0      0     6.370     1.000     1.000     0.0604      0.0000      0.0000      0.0000
59      A         B           59           ALA            0.00           301      0      0     6.370     1.000     1.000     0.0617      0.0000      0.0000      0.0000
60      A         B           60           TYR            0.00           301      0      0     6.370     1.000     1.000     0.0602      0.0000      0.0000      0.0000
61      A         B           61           ALA            0.00           301      0      0     6.370     1.000     1.000     0.0610      0.0000      0.0000      0.0000
62      A         B           62           ALA            0.00           301      0      0     6.370     1.000     1.000     0.0616      0.0000      0.0000      0.0000
63      A         B           63           ARG            0.00           301      0      0     6.370     1.000     1.000     0.0611      0.0000      0.0000      0.0000
64      A         B           64           VAL            0.00           301      0      0     6.370     1.000     1.000     0.0607      0.0000      0.0000      0.0000
65      A         B           65           GLU            0.00           301      0      0     6.370     1.000     1.000     0.0587      0.0000      0.0000      0.0000
66      A         B           66           GLY            0.00           301      0      0     6.370     1.000     1.000     0.0600      0.0000      0.0000      0.0000
67      A         B           67           ARG            0.00           301      0      0     6.370     1.000     1.000     0.0597      0.0000      0.0000      0.0000
68      A         B           68           PHE            0.00           301      0      0     6.370     1.000     1.000     0.0600      0.0000      0.0000      0.0000
69      A         B           69           THR            0.00           301      0      0     6.370     1.000     1.000     0.0602      0.0000      0.0000      0.0000
70      A         B           70           ILE            0.00           301      0      0     6.370     1.000     1.000     0.0605      0.0000      0.0000      0.0000
71      A         B           71           SER            0.00           301      0      0     6.370     1.000     1.000     0.0611      0.0000      0.0000      0.0000
72      A         B           72           ARG            0.00           301      0      0     6.370     1.000     1.000     0.0606      0.0000      0.0000      0.0000
73      A         B           73           ASP            0.00           301      0      0     6.370     1.000     1.000     0.0622      0.0000      0.0000      0.0000
74      A         B           74           ASN            0.00           301      0      0     6.370     1.000     1.000     0.0615      0.0000      0.0000      0.0000
75      A         B           75           ALA            0.00           301      0      0     6.370     1.000     1.000     0.0619      0.0000      0.0000      0.0000
76      A         B           76           LYS            0.00           301      0      0     6.370     1.000     1.000     0.0624      0.0000      0.0000      0.0000
77      A         B           77           ASN            0.00           301      0      0     6.370     1.000     1.000     0.0625      0.0000      0.0000      0.0000
78      A         B           78           THR            0.00           301      0      0     6.370     1.000     1.000     0.0615      0.0000      0.0000      0.0000
79      A         B           79           VAL            0.00           301      0      0     6.370     1.000     1.000     0.0604      0.0000      0.0000      0.0000
80      A         B           80           TYR            0.00           301      0      0     6.370     1.000     1.000     0.0605      0.0000      0.0000      0.0000
81      A         B           81           LEU            0.00           301      0      0     6.370     1.000     1.000     0.0606      0.0000      0.0000      0.0000
82      A         B           82           GLN            0.00           301      0      0     6.370     1.000     1.000     0.0613      0.0000      0.0000      0.0000
83      A         B           83           MET            0.00           301      0      0     6.370     1.000     1.000     0.0607      0.0000      0.0000      0.0000
84      A         B           84           ASN            0.00           301      0      0     6.370     1.000     1.000     0.0610      0.0000      0.0000      0.0000
85      A         B           85           SER            0.00           301      0      0     6.370     1.000     1.000     0.0605      0.0000      0.0000      0.0000
86      A         B           86           LEU            0.00           301      0      0     6.370     1.000     1.000     0.0600      0.0000      0.0000      0.0000
87      A         B           87           LYS            0.00           301      0      0     6.370     1.000     1.000     0.0610      0.0000      0.0000      0.0000
88      A         B           88           PRO            0.00           301      0      0     6.370     1.000     1.000     0.0607      0.0000      0.0000      0.0000
89      A         B           89           GLU            0.00           301      0      0     6.370     1.000     1.000     0.0617      0.0000      0.0000      0.0000
90      A         B           90           ASP            0.00           301      0      0     6.370     1.000     1.000     0.0617      0.0000      0.0000      0.0000
91      A         B           91           THR            0.00           301      0      0     6.370     1.000     1.000     0.0612      0.0000      0.0000      0.0000
92      A         B           92           ALA            0.00           301      0      0     6.370     1.000     1.000     0.0608      0.0000      0.0000      0.0000
93      A         B           93           VAL            0.00           301      0      0     6.370     1.000     1.000     0.0613      0.0000      0.0000      0.0000
94      A         B           94           TYR            0.00           301      0      0     6.370     1.000     1.000     0.0606      0.0000      0.0000      0.0000
95      A         B           95           TYR            0.00           301      0      0     6.370     1.000     1.000     0.0614      0.0000      0.0000      0.0000
96      A         B           96           CYS            0.00           301      0      0     6.370     1.000     1.000     0.0608      0.0000      0.0000      0.0000
97      A         B           97           ALA            0.00           301      0      0     6.370     1.000     1.000     0.0607      0.0000      0.0000      0.0000
98      A         B           98           ALA            0.00           301      0      0     6.370     1.000     1.000     0.0615      0.0000      0.0000      0.0000
99      A         B           99           SER            0.00           301      0      0     6.370     1.000     1.000     0.0597      0.0000      0.0000      0.0000
100     A         B          100           GLY            0.00           301      0      0     6.370     1.000     1.000     0.0608      0.0000      0.0000      0.0000
101     A         B          101           SER            0.00           301      0      0     6.370     1.000     1.000     0.0603      0.0000      0.0000      0.0000
102     A         B          102           GLY            0.00           301      0      0     6.370     1.000     1.000     0.0615      0.0000      0.0000      0.0000
103     A         B          103           SER            0.00           301      0      0     6.370     1.000     1.000     0.0614      0.0000      0.0000      0.0000
104     A         B          104           PRO            0.00           301      0      0     6.370     1.000     1.000     0.0605      0.0000      0.0000      0.0000
105     A         B          105           SER            0.00           301      0      0     6.370     1.000     1.000     0.0594      0.0000      0.0000      0.0000
106     A         B          106           GLY            0.00           301      0      0     6.370     1.000     1.000     0.0572      0.0000      0.0000      0.0000
107     A         B          107           ALA            0.00           301      0      0     6.370     1.000     1.000     0.0573      0.0000      0.0000      0.0000
108     A         B          108           GLY            0.00           301      0      0     6.370     1.000     1.000     0.0551      0.0000      0.0000      0.0000
109     A         B          109           ALA            0.00           301      0      0     6.370     1.000     1.000     0.0544      0.0000      0.0000      0.0000
110     A         B          110           ALA            0.00           301      0      0     6.370     1.000     1.000     0.0528      0.0000      0.0000      0.0000
111     A         B          111           ALA            0.00           301      0      0     6.370     1.000     1.000     0.0530      0.0000      0.0000      0.0000
112     A         B          112           ALA            0.00           301      0      0     6.370     1.000     1.000     0.0530      0.0000      0.0000      0.0000
113     A         B          113           GLY            0.00           301      0      0     6.370     1.000     1.000     0.0543      0.0000      0.0000      0.0000
114     A         B          114           ASP            0.00           301      0      0     6.370     1.000     1.000     0.0533      0.0000      0.0000      0.0000
115     A         B          115           GLU            0.00           301      0      0     6.370     1.000     1.000     0.0549      0.0000      0.0000      0.0000
116     A         B          116           SER            0.00           301      0      0     6.370     1.000     1.000     0.0543      0.0000      0.0000      0.0000
117     A         B          117           ARG            0.00           301      0      0     6.370     1.000     1.000     0.0551      0.0000      0.0000      0.0000
118     A         B          118           ALA            0.00           301      0      0     6.370     1.000     1.000     0.0572      0.0000      0.0000      0.0000
119     A         B          119           ASP            0.00           301      0      0     6.370     1.000     1.000     0.0568      0.0000      0.0000      0.0000
120     A         B          120           TYR            0.00           301      0      0     6.370     1.000     1.000     0.0582      0.0000      0.0000      0.0000
121     A         B          121           TRP            0.00           301      0      0     6.370     1.000     1.000     0.0598      0.0000      0.0000      0.0000
122     A         B          122           GLY            0.00           301      0      0     6.370     1.000     1.000     0.0604      0.0000      0.0000      0.0000
123     A         B          123           GLN            0.00           301      0      0     6.370     1.000     1.000     0.0607      0.0000      0.0000      0.0000
124     A         B          124           GLY            0.00           301      0      0     6.370     1.000     1.000     0.0612      0.0000      0.0000      0.0000
125     A         B          125           THR            0.00           301      0      0     6.370     1.000     1.000     0.0622      0.0000      0.0000      0.0000
126     A         B          126           GLN            0.00           301      0      0     6.370     1.000     1.000     0.0608      0.0000      0.0000      0.0000
127     A         B          127           VAL            0.00           301      0      0     6.370     1.000     1.000     0.0611      0.0000      0.0000      0.0000
128     A         B          128           THR            0.00           301      0      0     6.370     1.000     1.000     0.0615      0.0000      0.0000      0.0000
129     A         B          129           VAL            0.00           301      0      0     6.370     1.000     1.000     0.0603      0.0000      0.0000      0.0000
130     A         B          130           SER            0.00           301      0      0     6.370     1.000     1.000     0.0579      0.0000      0.0000      0.0000
131     A         B          131           SER            0.00           301      0      0     6.370     1.000     1.000     0.0496      0.0000      0.0000      0.0000
132     B         A            1           LYS            0.00           301    126      0     6.370     4.159     1.000     0.0820      0.0000      0.0000      0.0000
133     B         A            2           VAL            0.00           301    126      1     6.370     4.159     1.000     0.1090      0.2950      0.1514      0.0102
134     B         A            3           CYS            0.00           301    126      2     6.370     4.159     1.000     0.1158      0.3245      0.1701      0.0117
135     B         A            4           ASN            0.00           301    126      2     6.370     4.159     1.000     0.1177      0.3254      0.1708      0.0118
136     B         A            5           GLY            0.00           301    126      2     6.370     4.159     1.000     0.1171      0.3218      0.1684      0.0116
137     B         A            6           ILE            0.00           301    126      1     6.370     4.159     1.000     0.1118      0.3190      0.1665      0.0114
138     B         A            7           GLY            0.00           301    126      0     6.370     4.159     1.000     0.1029      0.0000      0.0000      0.0000
139     B         A            8           ILE            0.00           301    126      0     6.370     4.159     1.000     0.1049      0.0000      0.0000      0.0000
140     B         A            9           GLY            0.00           301    126      0     6.370     4.159     1.000     0.1037      0.0000      0.0000      0.0000
141     B         A           10           GLU            0.00           301    126      0     6.370     4.159     1.000     0.1073      0.0000      0.0000      0.0000
142     B         A           11           PHE            0.00           301    126      1     6.370     4.159     1.000     0.1113      0.3114      0.1617      0.0110
143     B         A           12           LYS            0.00           301    126      1     6.370     4.159     1.000     0.1102      0.3011      0.1552      0.0105
144     B         A           13           ASP            0.00           301    126      0     6.370     4.159     1.000     0.1072      0.0000      0.0000      0.0000
145     B         A           14           SER            0.00           301    126      1     6.370     4.159     1.000     0.1084      0.2988      0.1538      0.0104
146     B         A           15           LEU            0.00           301    126      0     6.370     4.159     1.000     0.1082      0.0000      0.0000      0.0000
147     B         A           16           SER            0.00           301    126      5     6.370     4.159     1.000     0.1198      0.3161      0.1650      0.0113
148     B         A           17           ILE            0.00           301    126      5     6.370     4.159     1.000     0.1209      0.3207      0.1679      0.0116
149     B         A           18           ASN            0.00           301    126      5     6.370     4.159     1.000     0.1184      0.3140      0.1636      0.0112
150     B         A           19           ALA            0.00           301    126      5     6.370     4.159     1.000     0.1194      0.3194      0.1671      0.0115
151     B         A           20           THR            0.00           301    126      1     6.370     4.159     1.000     0.1143      0.3200      0.1671      0.0115
152     B         A           21           ASN            0.00           301    126      2     6.370     4.159     1.000     0.1136      0.3201      0.1673      0.0115
153     B         A           22           ILE            0.00           301    126      2     6.370     4.159     1.000     0.1156      0.3221      0.1686      0.0116
154     B         A           23           LYS            0.00           301    126      1     6.370     4.159     1.000     0.1155      0.3273      0.1718      0.0118
155     B         A           24           HIS            0.00           301    126      1     6.370     4.159     1.000     0.1127      0.3066      0.1586      0.0108
156     B         A           25           PHE            0.00           301    126      2     6.370     4.159     1.000     0.1145      0.3105      0.1612      0.0110
157     B         A           26           LYS            0.00           301    126      2     6.370     4.159     1.000     0.1142      0.3108      0.1614      0.0110
158     B         A           27           ASN            0.00           301    126      1     6.370     4.159     1.000     0.1075      0.2913      0.1491      0.0100
159     B         A           28           CYS            0.00           301    126      1     6.370     4.159     1.000     0.1107      0.3045      0.1573      0.0107
160     B         A           29           THR            0.00           301    126      1     6.370     4.159     1.000     0.1119      0.3163      0.1647      0.0113
161     B         A           30           SER            0.00           301    126      3     6.370     4.159     1.000     0.1177      0.3198      0.1673      0.0115
162     B         A           31           ILE            0.00           301    126      3     6.370     4.159     1.000     0.1174      0.3242      0.1701      0.0117
163     B         A           32           SER            0.00           301    126      2     6.370     4.159     1.000     0.1170      0.3265      0.1715      0.0118
164     B         A           33           GLY            0.00           301    126      4     6.370     4.159     1.000     0.1185      0.3171      0.1655      0.0114
165     B         A           34           ASP            0.00           301    126      4     6.370     4.159     1.000     0.1176      0.3124      0.1627      0.0111
166     B         A           35           LEU            0.00           301    126      5     6.370     4.159     1.000     0.1247      0.3356      0.1776      0.0124
167     B         A           36           HIS            0.00           301    126      5     6.370     4.159     1.000     0.1212      0.3250      0.1709      0.0118
168     B         A           37           ILE            0.00           301    126      5     6.370     4.159     1.000     0.1234      0.3270      0.1720      0.0119
169     B         A           38           LEU            0.00           301    126      3     6.370     4.159     1.000     0.1150      0.3277      0.1726      0.0120
170     B         A           39           PRO            0.00           301    126      2     6.370     4.159     1.000     0.1130      0.3206      0.1678      0.0116
171     B         A           40           VAL            0.00           301    126      4     6.370     4.159     1.000     0.1204      0.3323      0.1756      0.0122
172     B         A           41           ALA            0.00           301    126      4     6.370     4.159     1.000     0.1189      0.3385      0.1795      0.0125
173     B         A           42           PHE            0.00           301    126      3     6.370     4.159     1.000     0.1149      0.3210      0.1680      0.0116
174     B         A           43           ARG            0.00           301    126      1     6.370     4.159     1.000     0.1146      0.3176      0.1656      0.0113
175     B         A           44           GLY            0.00           301    126      1     6.370     4.159     1.000     0.1076      0.2929      0.1501      0.0101
176     B         A           45           ASP            0.00           301    126      0     6.370     4.159     1.000     0.1068      0.0000      0.0000      0.0000
177     B         A           46           SER            0.00           301    126      0     6.370     4.159     1.000     0.1056      0.0000      0.0000      0.0000
178     B         A           47           PHE            0.00           301    126      0     6.370     4.159     1.000     0.1123      0.0000      0.0000      0.0000
179     B         A           48           THR            0.00           301    126      1     6.370     4.159     1.000     0.1119      0.3086      0.1599      0.0109
180     B         A           49           HIS            0.00           301    126      1     6.370     4.159     1.000     0.1103      0.2920      0.1496      0.0101
181     B         A           50           THR            0.00           301    126      1     6.370     4.159     1.000     0.1109      0.2966      0.1524      0.0103
182     B         A           51           PRO            0.00           301    126      1     6.370     4.159     1.000     0.1119      0.3124      0.1623      0.0111
183     B         A           52           PRO            0.00           301    126      2     6.370     4.159     1.000     0.1161      0.3272      0.1719      0.0119
184     B         A           53           LEU            0.00           301    126      3     6.370     4.159     1.000     0.1166      0.3186      0.1664      0.0114
185     B         A           54           ASP            0.00           301    126      2     6.370     4.159     1.000     0.1146      0.3187      0.1664      0.0114
186     B         A           55           PRO            0.00           301    126      1     6.370     4.159     1.000     0.1109      0.3054      0.1578      0.0107
187     B         A           56           GLN            0.00           301    126      1     6.370     4.159     1.000     0.1113      0.3011      0.1552      0.0105
188     B         A           57           GLU            0.00           301    126      1     6.370     4.159     1.000     0.1139      0.3188      0.1663      0.0114
189     B         A           58           LEU            0.00           301    126      3     6.370     4.159     1.000     0.1173      0.3195      0.1671      0.0115
190     B         A           59           ASP            0.00           301    126      3     6.370     4.159     1.000     0.1171      0.3202      0.1676      0.0115
191     B         A           60           ILE            0.00           301    126      3     6.370     4.159     1.000     0.1153      0.3120      0.1622      0.0111
192     B         A           61           LEU            0.00           301    126      3     6.370     4.159     1.000     0.1165      0.3188      0.1666      0.0114
193     B         A           62           LYS            0.00           301    126      3     6.370     4.159     1.000     0.1177      0.3217      0.1684      0.0116
194     B         A           63           THR            0.00           301    126      1     6.370     4.159     1.000     0.1134      0.3166      0.1649      0.0113
195     B         A           64           VAL            0.00           301    126      2     6.370     4.159     1.000     0.1146      0.3162      0.1648      0.0113
196     B         A           65           LYS            0.00           301    126      2     6.370     4.159     1.000     0.1153      0.3211      0.1680      0.0115
197     B         A           66           GLU            0.00           301    126      3     6.370     4.159     1.000     0.1181      0.3241      0.1700      0.0117
198     B         A           67           ILE            0.00           301    126      5     6.370     4.159     1.000     0.1209      0.3208      0.1681      0.0116
199     B         A           68           THR            0.00           301    126      2     6.370     4.159     1.000     0.1170      0.3230      0.1692      0.0116
200     B         A           69           GLY            0.00           301    126      4     6.370     4.159     1.000     0.1199      0.3199      0.1673      0.0115
201     B         A           70           PHE            0.00           301    126      4     6.370     4.159     1.000     0.1211      0.3320      0.1753      0.0122
202     B         A           71           LEU            0.00           301    126      5     6.370     4.159     1.000     0.1238      0.3359      0.1778      0.0124
203     B         A           72           LEU            0.00           301    126      5     6.370     4.159     1.000     0.1210      0.3381      0.1796      0.0126
204     B         A           73           ILE            0.00           301    126      5     6.370     4.159     1.000     0.1222      0.3239      0.1700      0.0117
205     B         A           74           GLN            0.00           301    126      2     6.370     4.159     1.000     0.1168      0.3336      0.1763      0.0123
206     B         A           75           ALA            0.00           301    126      4     6.370     4.159     1.000     0.1185      0.3305      0.1743      0.0121
207     B         A           76           TRP            0.00           301    126      4     6.370     4.159     1.000     0.1189      0.3215      0.1683      0.0116
208     B         A           77           PRO            0.00           301    126      2     6.370     4.159     1.000     0.1138      0.3129      0.1627      0.0111
209     B         A           78           GLU            0.00           301    126      0     6.370     4.159     1.000     0.1083      0.0000      0.0000      0.0000
210     B         A           79           ASN            0.00           301    126      0     6.370     4.159     1.000     0.1035      0.0000      0.0000      0.0000
211     B         A           80           ARG            0.00           301    126      0     6.370     4.159     1.000     0.1055      0.0000      0.0000      0.0000
212     B         A           81           THR            0.00           301    126      0     6.370     4.159     1.000     0.1045      0.0000      0.0000      0.0000
213     B         A           82           ASP            0.00           301    126      1     6.370     4.159     1.000     0.1123      0.2977      0.1530      0.0103
214     B         A           83           LEU            0.00           301    126      2     6.370     4.159     1.000     0.1153      0.3130      0.1628      0.0111
215     B         A           84           HIS            0.00           301    126      0     6.370     4.159     1.000     0.1089      0.0000      0.0000      0.0000
216     B         A           85           ALA            0.00           301    126      1     6.370     4.159     1.000     0.1147      0.3125      0.1623      0.0111
217     B         A           86           PHE            0.00           301    126      4     6.370     4.159     1.000     0.1179      0.3111      0.1617      0.0110
218     B         A           87           GLU            0.00           301    126      3     6.370     4.159     1.000     0.1182      0.3202      0.1676      0.0115
219     B         A           88           ASN            0.00           301    126      2     6.370     4.159     1.000     0.1147      0.3165      0.1650      0.0113
220     B         A           89           LEU            0.00           301    126      2     6.370     4.159     1.000     0.1158      0.3301      0.1738      0.0120
221     B         A           90           GLU            0.00           301    126      2     6.370     4.159     1.000     0.1147      0.3219      0.1685      0.0116
222     B         A           91           ILE            0.00           301    126      2     6.370     4.159     1.000     0.1147      0.3240      0.1699      0.0117
223     B         A           92           ILE            0.00           301    126      3     6.370     4.159     1.000     0.1184      0.3339      0.1765      0.0123
224     B         A           93           ARG            0.00           301    126      2     6.370     4.159     1.000     0.1146      0.3265      0.1715      0.0118
225     B         A           94           GLY            0.00           301    126      3     6.370     4.159     1.000     0.1186      0.3215      0.1683      0.0116
226     B         A           95           ARG            0.00           301    126      2     6.370     4.159     1.000     0.1140      0.3168      0.1652      0.0113
227     B         A           96           THR            0.00           301    126      3     6.370     4.159     1.000     0.1164      0.3100      0.1611      0.0110
228     B         A           97           LYS            0.00           301    126      4     6.370     4.159     1.000     0.1180      0.3115      0.1621      0.0111
229     B         A           98           GLN            0.00           301    126      2     6.370     4.159     1.000     0.1142      0.3151      0.1643      0.0113
230     B         A           99           HIS            0.00           301    126      0     6.370     4.159     1.000     0.1088      0.0000      0.0000      0.0000
231     B         A          100           GLY            0.00           301    126      0     6.370     4.159     1.000     0.1087      0.0000      0.0000      0.0000
232     B         A          101           GLN            0.00           301    126      0     6.370     4.159     1.000     0.1107      0.0000      0.0000      0.0000
233     B         A          102           PHE            0.00           301    126      2     6.370     4.159     1.000     0.1154      0.3114      0.1617      0.0110
234     B         A          103           SER            0.00           301    126      5     6.370     4.159     1.000     0.1211      0.3225      0.1691      0.0117
235     B         A          104           LEU            0.00           301    126      5     6.370     4.159     1.000     0.1209      0.3259      0.1713      0.0119
236     B         A          105           ALA            0.00           301    126      4     6.370     4.159     1.000     0.1194      0.3371      0.1786      0.0124
237     B         A          106           VAL            0.00           301    126      5     6.370     4.159     1.000     0.1213      0.3242      0.1702      0.0117
238     B         A          107           VAL            0.00           301    126      3     6.370     4.159     1.000     0.1160      0.3212      0.1682      0.0116
239     B         A          108           SER            0.00           301    126      1     6.370     4.159     1.000     0.1144      0.3259      0.1709      0.0118
240     B         A          109           LEU            0.00           301    126      5     6.370     4.159     1.000     0.1183      0.3192      0.1669      0.0115
241     B         A          110           ASN            0.00           301    126      4     6.370     4.159     1.000     0.1173      0.3209      0.1680      0.0116
242     B         A          111           ILE            0.00           301    126      4     6.370     4.159     1.000     0.1179      0.3231      0.1695      0.0117
243     B         A          112           THR            0.00           301    126      3     6.370     4.159     1.000     0.1160      0.3106      0.1613      0.0110
244     B         A          113           SER            0.00           301    126      1     6.370     4.159     1.000     0.1113      0.2997      0.1543      0.0104
245     B         A          114           LEU            0.00           301    126      1     6.370     4.159     1.000     0.1128      0.3097      0.1606      0.0109
246     B         A          115           GLY            0.00           301    126      0     6.370     4.159     1.000     0.1102      0.0000      0.0000      0.0000
247     B         A          116           LEU            0.00           301    126      1     6.370     4.159     1.000     0.1113      0.3139      0.1632      0.0112
248     B         A          117           ARG            0.00           301    126      1     6.370     4.159     1.000     0.1100      0.2975      0.1530      0.0103
249     B         A          118           SER            0.00           301    126      1     6.370     4.159     1.000     0.1122      0.3146      0.1637      0.0112
250     B         A          119           LEU            0.00           301    126      1     6.370     4.159     1.000     0.1101      0.3114      0.1617      0.0110
251     B         A          120           LYS            0.00           301    126      0     6.370     4.159     1.000     0.1081      0.0000      0.0000      0.0000
252     B         A          121           GLU            0.00           301    126      2     6.370     4.159     1.000     0.1151      0.3278      0.1724      0.0119
253     B         A          122           ILE            0.00           301    126      2     6.370     4.159     1.000     0.1150      0.3297      0.1736      0.0120
254     B         A          123           SER            0.00           301    126      2     6.370     4.159     1.000     0.1148      0.3199      0.1673      0.0115
255     B         A          124           ASP            0.00           301    126      3     6.370     4.159     1.000     0.1165      0.3243      0.1702      0.0117
256     B         A          125           GLY            0.00           301    126      3     6.370     4.159     1.000     0.1175      0.3206      0.1677      0.0115
257     B         A          126           ASP            0.00           301    126      4     6.370     4.159     1.000     0.1174      0.3171      0.1656      0.0114
258     B         A          127           VAL            0.00           301    126      4     6.370     4.159     1.000     0.1200      0.3327      0.1757      0.0122
259     B         A          128           ILE            0.00           301    126      2     6.370     4.159     1.000     0.1179      0.3344      0.1767      0.0123
260     B         A          129           ILE            0.00           301    126      4     6.370     4.159     1.000     0.1195      0.3173      0.1657      0.0114
261     B         A          130           SER            0.00           301    126      1     6.370     4.159     1.000     0.1132      0.3097      0.1606      0.0109
262     B         A          131           GLY            0.00           301    126      1     6.370     4.159     1.000     0.1108      0.3016      0.1555      0.0105
263     B         A          132           ASN            0.00           301    126      4     6.370     4.159     1.000     0.1181      0.3183      0.1664      0.0114
264     B         A          133           LYS            0.00           301    126      2     6.370     4.159     1.000     0.1171      0.3287      0.1730      0.0120
265     B         A          134           ASN            0.00           301    126      2     6.370     4.159     1.000     0.1142      0.3198      0.1671      0.0115
266     B         A          135           LEU            0.00           301    126      1     6.370     4.159     1.000     0.1096      0.3034      0.1567      0.0106
267     B         A          136           CYS            0.00           301    126      0     6.370     4.159     1.000     0.0973      0.0000      0.0000      0.0000
268     B         A          137           TYR            0.00           301    126      0     6.370     4.159     1.000     0.0885      0.0000      0.0000      0.0000
269     B         A          138           ALA            0.00           301    126      0     6.370     4.159     1.000     0.0922      0.0000      0.0000      0.0000
270     B         A          139           ASN            0.00           301    126      0     6.370     4.159     1.000     0.0908      0.0000      0.0000      0.0000
271     B         A          140           THR            0.00           301    126      0     6.370     4.159     1.000     0.0924      0.0000      0.0000      0.0000
272     B         A          141           ILE            0.00           301    126      0     6.370     4.159     1.000     0.0943      0.0000      0.0000      0.0000
273     B         A          142           ASN            0.00           301    126      0     6.370     4.159     1.000     0.0993      0.0000      0.0000      0.0000
274     B         A          143           TRP            0.00           301    126      0     6.370     4.159     1.000     0.1024      0.0000      0.0000      0.0000
275     B         A          144           LYS            0.00           301    126      0     6.370     4.159     1.000     0.1062      0.0000      0.0000      0.0000
276     B         A          145           LYS            0.00           301    126      0     6.370     4.159     1.000     0.1069      0.0000      0.0000      0.0000
277     B         A          146           LEU            0.00           301    126      0     6.370     4.159     1.000     0.1079      0.0000      0.0000      0.0000
278     B         A          147           PHE            0.00           301    126      1     6.370     4.159     1.000     0.1078      0.2893      0.1479      0.0099
279     B         A          148           GLY            0.00           301    126      0     6.370     4.159     1.000     0.1001      0.0000      0.0000      0.0000
280     B         A          149           THR            0.00           301    126      0     6.370     4.159     1.000     0.0937      0.0000      0.0000      0.0000
281     B         A          150           SER            0.00           301    126      0     6.370     4.159     1.000     0.0921      0.0000      0.0000      0.0000
282     B         A          151           GLY            0.00           301    126      0     6.370     4.159     1.000     0.1014      0.0000      0.0000      0.0000
283     B         A          152           GLN            0.00           301    126      1     6.370     4.159     1.000     0.1114      0.3005      0.1548      0.0105
284     B         A          153           LYS            0.00           301    126      1     6.370     4.159     1.000     0.1143      0.3205      0.1674      0.0115
285     B         A          154           THR            0.00           301    126      2     6.370     4.159     1.000     0.1148      0.3149      0.1640      0.0112
286     B         A          155           LYS            0.00           301    126      1     6.370     4.159     1.000     0.1161      0.3354      0.1771      0.0123
287     B         A          156           ILE            0.00           301    126      2     6.370     4.159     1.000     0.1149      0.3150      0.1640      0.0112
288     B         A          157           ILE            0.00           301    126      0     6.370     4.159     1.000     0.1076      0.0000      0.0000      0.0000
289     B         A          158           SER            0.00           301    126      0     6.370     4.159     1.000     0.1047      0.0000      0.0000      0.0000
290     B         A          159           ASN            0.00           301    126      0     6.370     4.159     1.000     0.1080      0.0000      0.0000      0.0000
291     B         A          160           ARG            0.00           301    126      0     6.370     4.159     1.000     0.1015      0.0000      0.0000      0.0000
292     B         A          161           GLY            0.00           301    126      0     6.370     4.159     1.000     0.0874      0.0000      0.0000      0.0000
293     B         A          162           GLU            0.00           301    126      0     6.370     4.159     1.000     0.0850      0.0000      0.0000      0.0000
294     B         A          163           ASN            0.00           301    126      0     6.370     4.159     1.000     0.0812      0.0000      0.0000      0.0000
295     B         A          164           SER            0.00           301    126      0     6.370     4.159     1.000     0.0800      0.0000      0.0000      0.0000
296     B         A          165           CYS            0.00           301    126      0     6.370     4.159     1.000     0.0803      0.0000      0.0000      0.0000
297     B         A          166           LYS            0.00           301    126      0     6.370     4.159     1.000     0.0667      0.0000      0.0000      0.0000
298     B         A          167           ALA            0.00           301    126      0     6.370     4.159     1.000     0.0557      0.0000      0.0000      0.0000
299     B         A          168           THR            0.00           301    126      0     6.370     4.159     1.000     0.0485      0.0000      0.0000      0.0000
300     B         A          169           GLY            0.00           301    126      0     6.370     4.159     1.000     0.0456      0.0000      0.0000      0.0000
301     B         A          170           GLN            0.00           301    126      0     6.370     4.159     1.000     0.0437      0.0000      0.0000      0.0000
