i   AlignChn ScoredChain  AlignResNum  AlignResType  AlignRespLDDT      n0chn  n0dom  n0res    d0chn     d0dom     d0res   ipTM_pae  ipSAE_d0chn ipSAE_d0dom    ipSAE 
1       A         B            1           ALA            0.00           199    198      0     5.253     5.240     1.000     0.0379      0.0000      0.0000      0.0000
2       A         B            2           GLN            0.00           199    198      2     5.253     5.240     1.000     0.1083      0.2380      0.2371      0.0112
3       A         B            3           VAL            0.00           199    198     84     5.253     5.240     3.286     0.3167      0.3231      0.3220      0.1600
4       A         B            4           ILE            0.00           199    198     89     5.253     5.240     3.406     0.7523      0.7523      0.7514      0.5694
5       A         B            5           ASN            0.00           199    198     89     5.253     5.240     3.406     0.6939      0.6939      0.6929      0.5001
6       A         B            6           THR            0.00           199    198     89     5.253     5.240     3.406     0.7988      0.7988      0.7980      0.6339
7       A         B            7           PHE            0.00           199    198     89     5.253     5.240     3.406     0.8728      0.8728      0.8722      0.7483
8       A         B            8           ASP            0.00           199    198     89     5.253     5.240     3.406     0.8169      0.8169      0.8162      0.6593
9       A         B            9           GLY            0.00           199    198     89     5.253     5.240     3.406     0.8288      0.8288      0.8281      0.6777
10      A         B           10           VAL            0.00           199    198     89     5.253     5.240     3.406     0.8824      0.8824      0.8819      0.7644
11      A         B           11           ALA            0.00           199    198     89     5.253     5.240     3.406     0.8549      0.8549      0.8543      0.7188
12      A         B           12           ASP            0.00           199    198     89     5.253     5.240     3.406     0.8168      0.8168      0.8160      0.6593
13      A         B           13           TYR            0.00           199    198     89     5.253     5.240     3.406     0.8784      0.8784      0.8779      0.7572
14      A         B           14           LEU            0.00           199    198     89     5.253     5.240     3.406     0.8553      0.8553      0.8547      0.7192
15      A         B           15           GLN            0.00           199    198     89     5.253     5.240     3.406     0.8030      0.8030      0.8022      0.6393
16      A         B           16           THR            0.00           199    198     89     5.253     5.240     3.406     0.7876      0.7876      0.7868      0.6167
17      A         B           17           TYR            0.00           199    198     89     5.253     5.240     3.406     0.8218      0.8218      0.8212      0.6663
18      A         B           18           HIS            0.00           199    198     89     5.253     5.240     3.406     0.8282      0.8282      0.8275      0.6757
19      A         B           19           LYS            0.00           199    198     89     5.253     5.240     3.406     0.7968      0.7968      0.7961      0.6311
20      A         B           20           LEU            0.00           199    198     89     5.253     5.240     3.406     0.8659      0.8659      0.8654      0.7365
21      A         B           21           PRO            0.00           199    198     89     5.253     5.240     3.406     0.8218      0.8218      0.8211      0.6661
22      A         B           22           ASP            0.00           199    198     89     5.253     5.240     3.406     0.6926      0.6926      0.6916      0.4970
23      A         B           23           ASN            0.00           199    198     89     5.253     5.240     3.406     0.8603      0.8603      0.8597      0.7283
24      A         B           24           TYR            0.00           199    198     89     5.253     5.240     3.406     0.9108      0.9108      0.9104      0.8151
25      A         B           25           ILE            0.00           199    198     89     5.253     5.240     3.406     0.9134      0.9134      0.9130      0.8203
26      A         B           26           THR            0.00           199    198     89     5.253     5.240     3.406     0.9286      0.9286      0.9283      0.8489
27      A         B           27           LYS            0.00           199    198     89     5.253     5.240     3.406     0.9209      0.9209      0.9206      0.8350
28      A         B           28           SER            0.00           199    198     89     5.253     5.240     3.406     0.8966      0.8966      0.8961      0.7910
29      A         B           29           GLU            0.00           199    198     89     5.253     5.240     3.406     0.9098      0.9098      0.9094      0.8138
30      A         B           30           ALA            0.00           199    198     89     5.253     5.240     3.406     0.9031      0.9031      0.9027      0.8024
31      A         B           31           GLN            0.00           199    198     89     5.253     5.240     3.406     0.8863      0.8863      0.8858      0.7734
32      A         B           32           ALA            0.00           199    198     89     5.253     5.240     3.406     0.8972      0.8972      0.8968      0.7917
33      A         B           33           LEU            0.00           199    198     89     5.253     5.240     3.406     0.8903      0.8903      0.8899      0.7789
34      A         B           34           GLY            0.00           199    198     89     5.253     5.240     3.406     0.8622      0.8622      0.8616      0.7335
35      A         B           35           TRP            0.00           199    198     89     5.253     5.240     3.406     0.9164      0.9164      0.9161      0.8265
36      A         B           36           VAL            0.00           199    198     89     5.253     5.240     3.406     0.9008      0.9008      0.9004      0.7991
37      A         B           37           ALA            0.00           199    198     89     5.253     5.240     3.406     0.8682      0.8682      0.8677      0.7456
38      A         B           38           SER            0.00           199    198     89     5.253     5.240     3.406     0.8659      0.8659      0.8654      0.7429
39      A         B           39           LYS            0.00           199    198     89     5.253     5.240     3.406     0.8698      0.8698      0.8693      0.7473
40      A         B           40           GLY            0.00           199    198     89     5.253     5.240     3.406     0.8681      0.8681      0.8676      0.7429
41      A         B           41           ASN            0.00           199    198     89     5.253     5.240     3.406     0.8908      0.8908      0.8903      0.7803
42      A         B           42           LEU            0.00           199    198     89     5.253     5.240     3.406     0.8956      0.8956      0.8951      0.7888
43      A         B           43           ALA            0.00           199    198     89     5.253     5.240     3.406     0.8749      0.8749      0.8743      0.7528
44      A         B           44           ASP            0.00           199    198     89     5.253     5.240     3.406     0.8272      0.8272      0.8265      0.6770
45      A         B           45           VAL            0.00           199    198     89     5.253     5.240     3.406     0.8303      0.8303      0.8297      0.6817
46      A         B           46           ALA            0.00           199    198     89     5.253     5.240     3.406     0.8162      0.8162      0.8155      0.6609
47      A         B           47           PRO            0.00           199    198     89     5.253     5.240     3.406     0.7540      0.7540      0.7531      0.5745
48      A         B           48           GLY            0.00           199    198     89     5.253     5.240     3.406     0.7470      0.7470      0.7461      0.5641
49      A         B           49           LYS            0.00           199    198     89     5.253     5.240     3.406     0.8941      0.8941      0.8936      0.7855
50      A         B           50           SER            0.00           199    198     89     5.253     5.240     3.406     0.9111      0.9111      0.9107      0.8161
51      A         B           51           ILE            0.00           199    198     89     5.253     5.240     3.406     0.9216      0.9216      0.9213      0.8359
52      A         B           52           GLY            0.00           199    198     89     5.253     5.240     3.406     0.8587      0.8587      0.8581      0.7275
53      A         B           53           GLY            0.00           199    198     89     5.253     5.240     3.406     0.8619      0.8619      0.8613      0.7320
54      A         B           54           ASP            0.00           199    198     89     5.253     5.240     3.406     0.9090      0.9090      0.9086      0.8119
55      A         B           55           ILE            0.00           199    198     89     5.253     5.240     3.406     0.9139      0.9139      0.9136      0.8210
56      A         B           56           PHE            0.00           199    198     89     5.253     5.240     3.406     0.9346      0.9346      0.9343      0.8600
57      A         B           57           SER            0.00           199    198     89     5.253     5.240     3.406     0.8955      0.8955      0.8950      0.7883
58      A         B           58           ASN            0.00           199    198     89     5.253     5.240     3.406     0.9269      0.9269      0.9265      0.8449
59      A         B           59           ARG            0.00           199    198     89     5.253     5.240     3.406     0.9184      0.9184      0.9181      0.8292
60      A         B           60           GLU            0.00           199    198     89     5.253     5.240     3.406     0.9284      0.9284      0.9281      0.8482
61      A         B           61           GLY            0.00           199    198     89     5.253     5.240     3.406     0.9119      0.9119      0.9115      0.8166
62      A         B           62           LYS            0.00           199    198     89     5.253     5.240     3.406     0.8978      0.8978      0.8973      0.7912
63      A         B           63           LEU            0.00           199    198     89     5.253     5.240     3.406     0.9033      0.9033      0.9028      0.8007
64      A         B           64           PRO            0.00           199    198     89     5.253     5.240     3.406     0.7952      0.7952      0.7944      0.6292
65      A         B           65           GLY            0.00           199    198     89     5.253     5.240     3.406     0.5805      0.5805      0.5794      0.3769
66      A         B           66           LYS            0.00           199    198     89     5.253     5.240     3.406     0.5796      0.5796      0.5785      0.3772
67      A         B           67           SER            0.00           199    198     89     5.253     5.240     3.406     0.5495      0.5495      0.5483      0.3460
68      A         B           68           GLY            0.00           199    198     89     5.253     5.240     3.406     0.5927      0.5927      0.5916      0.3879
69      A         B           69           ARG            0.00           199    198     89     5.253     5.240     3.406     0.8020      0.8020      0.8013      0.6376
70      A         B           70           THR            0.00           199    198     89     5.253     5.240     3.406     0.7927      0.7927      0.7919      0.6271
71      A         B           71           TRP            0.00           199    198     89     5.253     5.240     3.406     0.9103      0.9103      0.9099      0.8142
72      A         B           72           ARG            0.00           199    198     89     5.253     5.240     3.406     0.9181      0.9181      0.9178      0.8292
73      A         B           73           GLU            0.00           199    198     89     5.253     5.240     3.406     0.8916      0.8916      0.8911      0.7818
74      A         B           74           ALA            0.00           199    198     89     5.253     5.240     3.406     0.9097      0.9097      0.9093      0.8141
75      A         B           75           ASP            0.00           199    198     89     5.253     5.240     3.406     0.9228      0.9228      0.9225      0.8383
76      A         B           76           ILE            0.00           199    198     89     5.253     5.240     3.406     0.9182      0.9182      0.9178      0.8294
77      A         B           77           ASN            0.00           199    198     89     5.253     5.240     3.406     0.8433      0.8433      0.8426      0.7020
78      A         B           78           TYR            0.00           199    198     89     5.253     5.240     3.406     0.7505      0.7505      0.7496      0.5725
79      A         B           79           THR            0.00           199    198     89     5.253     5.240     3.406     0.5064      0.5064      0.5053      0.3138
80      A         B           80           SER            0.00           199    198     89     5.253     5.240     3.406     0.7364      0.7364      0.7355      0.5548
81      A         B           81           GLY            0.00           199    198     89     5.253     5.240     3.406     0.8584      0.8584      0.8579      0.7263
82      A         B           82           PHE            0.00           199    198     89     5.253     5.240     3.406     0.8585      0.8585      0.8579      0.7287
83      A         B           83           ARG            0.00           199    198     89     5.253     5.240     3.406     0.8832      0.8832      0.8827      0.7688
84      A         B           84           ASN            0.00           199    198     89     5.253     5.240     3.406     0.8709      0.8709      0.8704      0.7490
85      A         B           85           SER            0.00           199    198     89     5.253     5.240     3.406     0.8482      0.8482      0.8476      0.7135
86      A         B           86           ASP            0.00           199    198     89     5.253     5.240     3.406     0.9196      0.9196      0.9192      0.8324
87      A         B           87           ARG            0.00           199    198     89     5.253     5.240     3.406     0.9193      0.9193      0.9189      0.8317
88      A         B           88           ILE            0.00           199    198     89     5.253     5.240     3.406     0.9263      0.9263      0.9259      0.8445
89      A         B           89           LEU            0.00           199    198     89     5.253     5.240     3.406     0.9078      0.9078      0.9074      0.8101
90      A         B           90           TYR            0.00           199    198     89     5.253     5.240     3.406     0.9268      0.9268      0.9265      0.8450
91      A         B           91           SER            0.00           199    198     89     5.253     5.240     3.406     0.8765      0.8765      0.8760      0.7544
92      A         B           92           SER            0.00           199    198     89     5.253     5.240     3.406     0.8789      0.8789      0.8784      0.7579
93      A         B           93           ASP            0.00           199    198     89     5.253     5.240     3.406     0.8528      0.8528      0.8522      0.7143
94      A         B           94           TRP            0.00           199    198     89     5.253     5.240     3.406     0.8582      0.8582      0.8576      0.7234
95      A         B           95           LEU            0.00           199    198     89     5.253     5.240     3.406     0.8694      0.8694      0.8689      0.7424
96      A         B           96           ILE            0.00           199    198     89     5.253     5.240     3.406     0.8649      0.8649      0.8644      0.7352
97      A         B           97           TYR            0.00           199    198     89     5.253     5.240     3.406     0.9185      0.9185      0.9181      0.8293
98      A         B           98           LYS            0.00           199    198     89     5.253     5.240     3.406     0.8237      0.8237      0.8230      0.6741
99      A         B           99           THR            0.00           199    198     89     5.253     5.240     3.406     0.9231      0.9231      0.9228      0.8383
100     A         B          100           THR            0.00           199    198     89     5.253     5.240     3.406     0.8976      0.8976      0.8971      0.7923
101     A         B          101           ASP            0.00           199    198     89     5.253     5.240     3.406     0.9433      0.9433      0.9430      0.8773
102     A         B          102           HIS            0.00           199    198     89     5.253     5.240     3.406     0.9488      0.9488      0.9485      0.8887
103     A         B          103           TYR            0.00           199    198     89     5.253     5.240     3.406     0.9438      0.9438      0.9436      0.8787
104     A         B          104           GLN            0.00           199    198     89     5.253     5.240     3.406     0.9185      0.9185      0.9181      0.8306
105     A         B          105           THR            0.00           199    198     89     5.253     5.240     3.406     0.9189      0.9189      0.9185      0.8305
106     A         B          106           PHE            0.00           199    198     89     5.253     5.240     3.406     0.9207      0.9207      0.9203      0.8334
107     A         B          107           THR            0.00           199    198     89     5.253     5.240     3.406     0.8520      0.8520      0.8514      0.7155
108     A         B          108           LYS            0.00           199    198     89     5.253     5.240     3.406     0.8332      0.8332      0.8326      0.6833
109     A         B          109           ILE            0.00           199    198     89     5.253     5.240     3.406     0.5976      0.5976      0.5965      0.3929
110     A         B          110           ARG            0.00           199    198     82     5.253     5.240     3.236     0.3090      0.3174      0.3163      0.1536
111     B         A            1           LYS            0.00           199    199     37     5.253     5.253     1.675     0.2060      0.2811      0.2811      0.0398
112     B         A            2           LYS            0.00           199    199    110     5.253     5.253     3.858     0.5218      0.5218      0.5218      0.3777
113     B         A            3           ALA            0.00           199    199    110     5.253     5.253     3.858     0.7455      0.7455      0.7455      0.6183
114     B         A            4           VAL            0.00           199    199    110     5.253     5.253     3.858     0.7733      0.7733      0.7733      0.6532
115     B         A            5           ILE            0.00           199    199    110     5.253     5.253     3.858     0.7738      0.7738      0.7738      0.6532
116     B         A            6           ASN            0.00           199    199    110     5.253     5.253     3.858     0.6499      0.6499      0.6499      0.5060
117     B         A            7           GLY            0.00           199    199    110     5.253     5.253     3.858     0.4959      0.4959      0.4959      0.3513
118     B         A            8           GLU            0.00           199    199    109     5.253     5.253     3.838     0.3938      0.3954      0.3954      0.2618
119     B         A            9           GLN            0.00           199    199    110     5.253     5.253     3.858     0.4549      0.4549      0.4549      0.3149
120     B         A           10           ILE            0.00           199    199    110     5.253     5.253     3.858     0.4791      0.4791      0.4791      0.3377
121     B         A           11           ARG            0.00           199    199    110     5.253     5.253     3.858     0.4311      0.4311      0.4311      0.2954
122     B         A           12           SER            0.00           199    199    110     5.253     5.253     3.858     0.7407      0.7407      0.7407      0.6119
123     B         A           13           ILE            0.00           199    199    110     5.253     5.253     3.858     0.8164      0.8164      0.8164      0.7108
124     B         A           14           SER            0.00           199    199    110     5.253     5.253     3.858     0.7712      0.7712      0.7712      0.6511
125     B         A           15           ASP            0.00           199    199    110     5.253     5.253     3.858     0.7845      0.7845      0.7845      0.6683
126     B         A           16           LEU            0.00           199    199    110     5.253     5.253     3.858     0.8856      0.8856      0.8856      0.8103
127     B         A           17           HIS            0.00           199    199    110     5.253     5.253     3.858     0.9070      0.9070      0.9070      0.8432
128     B         A           18           GLN            0.00           199    199    110     5.253     5.253     3.858     0.8760      0.8760      0.8760      0.7957
129     B         A           19           THR            0.00           199    199    110     5.253     5.253     3.858     0.8908      0.8908      0.8908      0.8183
130     B         A           20           LEU            0.00           199    199    110     5.253     5.253     3.858     0.9090      0.9090      0.9090      0.8464
131     B         A           21           LYS            0.00           199    199    110     5.253     5.253     3.858     0.9158      0.9158      0.9158      0.8572
132     B         A           22           LYS            0.00           199    199    110     5.253     5.253     3.858     0.8770      0.8770      0.8770      0.7977
133     B         A           23           GLU            0.00           199    199    110     5.253     5.253     3.858     0.8771      0.8771      0.8771      0.7977
134     B         A           24           LEU            0.00           199    199    110     5.253     5.253     3.858     0.9047      0.9047      0.9047      0.8398
135     B         A           25           ALA            0.00           199    199    110     5.253     5.253     3.858     0.8812      0.8812      0.8812      0.8043
136     B         A           26           LEU            0.00           199    199    110     5.253     5.253     3.858     0.9097      0.9097      0.9097      0.8475
137     B         A           27           PRO            0.00           199    199    110     5.253     5.253     3.858     0.8568      0.8568      0.8568      0.7689
138     B         A           28           GLU            0.00           199    199    110     5.253     5.253     3.858     0.8259      0.8259      0.8259      0.7257
139     B         A           29           TYR            0.00           199    199    110     5.253     5.253     3.858     0.9148      0.9148      0.9148      0.8560
140     B         A           30           TYR            0.00           199    199    110     5.253     5.253     3.858     0.9395      0.9395      0.9395      0.8956
141     B         A           31           GLY            0.00           199    199    110     5.253     5.253     3.858     0.9011      0.9011      0.9011      0.8353
142     B         A           32           GLU            0.00           199    199    110     5.253     5.253     3.858     0.9201      0.9201      0.9201      0.8645
143     B         A           33           ASN            0.00           199    199    110     5.253     5.253     3.858     0.9404      0.9404      0.9404      0.8974
144     B         A           34           LEU            0.00           199    199    110     5.253     5.253     3.858     0.9579      0.9579      0.9579      0.9269
145     B         A           35           ASP            0.00           199    199    110     5.253     5.253     3.858     0.9654      0.9654      0.9654      0.9398
146     B         A           36           ALA            0.00           199    199    110     5.253     5.253     3.858     0.9626      0.9626      0.9626      0.9348
147     B         A           37           LEU            0.00           199    199    110     5.253     5.253     3.858     0.9652      0.9652      0.9652      0.9394
148     B         A           38           TRP            0.00           199    199    110     5.253     5.253     3.858     0.9641      0.9641      0.9641      0.9372
149     B         A           39           ASP            0.00           199    199    110     5.253     5.253     3.858     0.9629      0.9629      0.9629      0.9355
150     B         A           40           ALA            0.00           199    199    110     5.253     5.253     3.858     0.9510      0.9510      0.9510      0.9152
151     B         A           41           LEU            0.00           199    199    110     5.253     5.253     3.858     0.9527      0.9527      0.9527      0.9181
152     B         A           42           THR            0.00           199    199    110     5.253     5.253     3.858     0.9271      0.9271      0.9271      0.8758
153     B         A           43           GLY            0.00           199    199    110     5.253     5.253     3.858     0.8548      0.8548      0.8548      0.7675
154     B         A           44           TRP            0.00           199    199    110     5.253     5.253     3.858     0.9230      0.9230      0.9230      0.8693
155     B         A           45           VAL            0.00           199    199    110     5.253     5.253     3.858     0.9056      0.9056      0.9056      0.8417
156     B         A           46           GLU            0.00           199    199    110     5.253     5.253     3.858     0.8274      0.8274      0.8274      0.7287
157     B         A           47           TYR            0.00           199    199    110     5.253     5.253     3.858     0.8182      0.8182      0.8182      0.7149
158     B         A           48           PRO            0.00           199    199    110     5.253     5.253     3.858     0.7792      0.7792      0.7792      0.6634
159     B         A           49           LEU            0.00           199    199    110     5.253     5.253     3.858     0.8627      0.8627      0.8627      0.7763
160     B         A           50           VAL            0.00           199    199    110     5.253     5.253     3.858     0.8431      0.8431      0.8431      0.7479
161     B         A           51           LEU            0.00           199    199    110     5.253     5.253     3.858     0.8541      0.8541      0.8541      0.7634
162     B         A           52           GLU            0.00           199    199    110     5.253     5.253     3.858     0.8058      0.8058      0.8058      0.6959
163     B         A           53           TRP            0.00           199    199    110     5.253     5.253     3.858     0.8127      0.8127      0.8127      0.7048
164     B         A           54           ARG            0.00           199    199    110     5.253     5.253     3.858     0.7596      0.7596      0.7596      0.6348
165     B         A           55           GLN            0.00           199    199    110     5.253     5.253     3.858     0.6394      0.6394      0.6394      0.4936
166     B         A           56           PHE            0.00           199    199    110     5.253     5.253     3.858     0.7230      0.7230      0.7230      0.5894
167     B         A           57           GLU            0.00           199    199    110     5.253     5.253     3.858     0.6135      0.6135      0.6135      0.4660
168     B         A           58           GLN            0.00           199    199    110     5.253     5.253     3.858     0.6144      0.6144      0.6144      0.4677
169     B         A           59           SER            0.00           199    199    110     5.253     5.253     3.858     0.5796      0.5796      0.5796      0.4353
170     B         A           60           LYS            0.00           199    199    110     5.253     5.253     3.858     0.5841      0.5841      0.5841      0.4373
171     B         A           61           GLN            0.00           199    199    110     5.253     5.253     3.858     0.4838      0.4838      0.4838      0.3408
172     B         A           62           LEU            0.00           199    199    110     5.253     5.253     3.858     0.5117      0.5117      0.5117      0.3668
173     B         A           63           THR            0.00           199    199    110     5.253     5.253     3.858     0.5366      0.5366      0.5366      0.3914
174     B         A           64           GLU            0.00           199    199    108     5.253     5.253     3.818     0.3650      0.3681      0.3681      0.2395
175     B         A           65           ASN            0.00           199    199    110     5.253     5.253     3.858     0.4546      0.4546      0.4546      0.3149
176     B         A           66           GLY            0.00           199    199    110     5.253     5.253     3.858     0.6019      0.6019      0.6019      0.4554
177     B         A           67           ALA            0.00           199    199    110     5.253     5.253     3.858     0.7692      0.7692      0.7692      0.6479
178     B         A           68           GLU            0.00           199    199    110     5.253     5.253     3.858     0.8383      0.8383      0.8383      0.7409
179     B         A           69           SER            0.00           199    199    110     5.253     5.253     3.858     0.8967      0.8967      0.8967      0.8271
180     B         A           70           VAL            0.00           199    199    110     5.253     5.253     3.858     0.9140      0.9140      0.9140      0.8542
181     B         A           71           LEU            0.00           199    199    110     5.253     5.253     3.858     0.9104      0.9104      0.9104      0.8485
182     B         A           72           GLN            0.00           199    199    110     5.253     5.253     3.858     0.9048      0.9048      0.9048      0.8395
183     B         A           73           VAL            0.00           199    199    110     5.253     5.253     3.858     0.9335      0.9335      0.9335      0.8858
184     B         A           74           PHE            0.00           199    199    110     5.253     5.253     3.858     0.9387      0.9387      0.9387      0.8943
185     B         A           75           ARG            0.00           199    199    110     5.253     5.253     3.858     0.9119      0.9119      0.9119      0.8508
186     B         A           76           GLU            0.00           199    199    110     5.253     5.253     3.858     0.9136      0.9136      0.9136      0.8533
187     B         A           77           ALA            0.00           199    199    110     5.253     5.253     3.858     0.9107      0.9107      0.9107      0.8491
188     B         A           78           LYS            0.00           199    199    110     5.253     5.253     3.858     0.8931      0.8931      0.8931      0.8217
189     B         A           79           ALA            0.00           199    199    110     5.253     5.253     3.858     0.8327      0.8327      0.8327      0.7329
190     B         A           80           GLU            0.00           199    199    110     5.253     5.253     3.858     0.7620      0.7620      0.7620      0.6397
191     B         A           81           GLY            0.00           199    199    110     5.253     5.253     3.858     0.6855      0.6855      0.6855      0.5482
192     B         A           82           ALA            0.00           199    199    110     5.253     5.253     3.858     0.8236      0.8236      0.8236      0.7202
193     B         A           83           ASP            0.00           199    199    110     5.253     5.253     3.858     0.8380      0.8380      0.8380      0.7403
194     B         A           84           ILE            0.00           199    199    110     5.253     5.253     3.858     0.8722      0.8722      0.8722      0.7898
195     B         A           85           THR            0.00           199    199    110     5.253     5.253     3.858     0.8448      0.8448      0.8448      0.7502
196     B         A           86           ILE            0.00           199    199    110     5.253     5.253     3.858     0.8508      0.8508      0.8508      0.7583
197     B         A           87           ILE            0.00           199    199    110     5.253     5.253     3.858     0.8034      0.8034      0.8034      0.6922
198     B         A           88           LEU            0.00           199    199    110     5.253     5.253     3.858     0.6364      0.6364      0.6364      0.4906
199     B         A           89           SER            0.00           199    199    108     5.253     5.253     3.818     0.3331      0.3358      0.3358      0.2126
