i   AlignChn ScoredChain  AlignResNum  AlignResType  AlignRespLDDT      n0chn  n0dom  n0res    d0chn     d0dom     d0res   ipTM_pae  ipSAE_d0chn ipSAE_d0dom    ipSAE 
1       A         B            1           LYS            0.00           297    177      0     6.332     4.960     1.000     0.0976      0.0000      0.0000      0.0000
2       A         B            2           VAL            0.00           297    177      9     6.332     4.960     1.000     0.1716      0.3193      0.2236      0.0116
3       A         B            3           CYS            0.00           297    177     12     6.332     4.960     1.000     0.1842      0.3453      0.2448      0.0131
4       A         B            4           ASN            0.00           297    177     14     6.332     4.960     1.000     0.1895      0.3487      0.2478      0.0133
5       A         B            5           GLY            0.00           297    177     14     6.332     4.960     1.000     0.1853      0.3395      0.2402      0.0128
6       A         B            6           ILE            0.00           297    177     12     6.332     4.960     1.000     0.1771      0.3395      0.2402      0.0127
7       A         B            7           GLY            0.00           297    177      7     6.332     4.960     1.000     0.1570      0.3054      0.2125      0.0109
8       A         B            8           ILE            0.00           297    177      8     6.332     4.960     1.000     0.1605      0.3228      0.2264      0.0118
9       A         B            9           GLY            0.00           297    177      5     6.332     4.960     1.000     0.1554      0.2967      0.2057      0.0104
10      A         B           10           GLU            0.00           297    177      8     6.332     4.960     1.000     0.1630      0.3071      0.2139      0.0110
11      A         B           11           PHE            0.00           297    177     12     6.332     4.960     1.000     0.1774      0.3434      0.2433      0.0130
12      A         B           12           LYS            0.00           297    177     10     6.332     4.960     1.000     0.1707      0.3339      0.2354      0.0124
13      A         B           13           ASP            0.00           297    177     10     6.332     4.960     1.000     0.1705      0.3300      0.2322      0.0122
14      A         B           14           SER            0.00           297    177     10     6.332     4.960     1.000     0.1795      0.3522      0.2505      0.0135
15      A         B           15           LEU            0.00           297    177     11     6.332     4.960     1.000     0.1772      0.3348      0.2361      0.0124
16      A         B           16           SER            0.00           297    177     18     6.332     4.960     1.000     0.2006      0.3600      0.2574      0.0140
17      A         B           17           ILE            0.00           297    177     16     6.332     4.960     1.000     0.1990      0.3628      0.2596      0.0142
18      A         B           18           ASN            0.00           297    177     14     6.332     4.960     1.000     0.1926      0.3587      0.2559      0.0139
19      A         B           19           ALA            0.00           297    177     14     6.332     4.960     1.000     0.1958      0.3699      0.2653      0.0146
20      A         B           20           THR            0.00           297    177     13     6.332     4.960     1.000     0.1856      0.3429      0.2428      0.0129
21      A         B           21           ASN            0.00           297    177     12     6.332     4.960     1.000     0.1813      0.3363      0.2374      0.0125
22      A         B           22           ILE            0.00           297    177     12     6.332     4.960     1.000     0.1832      0.3398      0.2402      0.0127
23      A         B           23           LYS            0.00           297    177     11     6.332     4.960     1.000     0.1788      0.3345      0.2359      0.0124
24      A         B           24           HIS            0.00           297    177     11     6.332     4.960     1.000     0.1757      0.3239      0.2273      0.0118
25      A         B           25           PHE            0.00           297    177     12     6.332     4.960     1.000     0.1797      0.3373      0.2382      0.0126
26      A         B           26           LYS            0.00           297    177     11     6.332     4.960     1.000     0.1767      0.3267      0.2296      0.0120
27      A         B           27           ASN            0.00           297    177      8     6.332     4.960     1.000     0.1668      0.3105      0.2165      0.0111
28      A         B           28           CYS            0.00           297    177      9     6.332     4.960     1.000     0.1734      0.3172      0.2220      0.0115
29      A         B           29           THR            0.00           297    177     11     6.332     4.960     1.000     0.1785      0.3271      0.2299      0.0120
30      A         B           30           SER            0.00           297    177     15     6.332     4.960     1.000     0.1964      0.3560      0.2538      0.0137
31      A         B           31           ILE            0.00           297    177     14     6.332     4.960     1.000     0.1909      0.3533      0.2515      0.0136
32      A         B           32           SER            0.00           297    177     14     6.332     4.960     1.000     0.1922      0.3491      0.2480      0.0133
33      A         B           33           GLY            0.00           297    177     15     6.332     4.960     1.000     0.1950      0.3539      0.2521      0.0136
34      A         B           34           ASP            0.00           297    177     17     6.332     4.960     1.000     0.1964      0.3508      0.2497      0.0135
35      A         B           35           LEU            0.00           297    177     23     6.332     4.960     1.000     0.2075      0.3541      0.2528      0.0138
36      A         B           36           HIS            0.00           297    177     17     6.332     4.960     1.000     0.1977      0.3568      0.2546      0.0138
37      A         B           37           ILE            0.00           297    177     25     6.332     4.960     1.000     0.2062      0.3468      0.2467      0.0133
38      A         B           38           LEU            0.00           297    177     17     6.332     4.960     1.000     0.1967      0.3553      0.2533      0.0137
39      A         B           39           PRO            0.00           297    177     15     6.332     4.960     1.000     0.1913      0.3444      0.2442      0.0130
40      A         B           40           VAL            0.00           297    177     20     6.332     4.960     1.000     0.2016      0.3532      0.2519      0.0136
41      A         B           41           ALA            0.00           297    177     16     6.332     4.960     1.000     0.2009      0.3698      0.2656      0.0146
42      A         B           42           PHE            0.00           297    177     14     6.332     4.960     1.000     0.1901      0.3612      0.2581      0.0140
43      A         B           43           ARG            0.00           297    177     12     6.332     4.960     1.000     0.1851      0.3487      0.2475      0.0132
44      A         B           44           GLY            0.00           297    177     10     6.332     4.960     1.000     0.1722      0.3256      0.2287      0.0119
45      A         B           45           ASP            0.00           297    177      9     6.332     4.960     1.000     0.1654      0.3091      0.2156      0.0111
46      A         B           46           SER            0.00           297    177      7     6.332     4.960     1.000     0.1596      0.3091      0.2156      0.0111
47      A         B           47           PHE            0.00           297    177     10     6.332     4.960     1.000     0.1683      0.3151      0.2203      0.0114
48      A         B           48           THR            0.00           297    177     12     6.332     4.960     1.000     0.1749      0.3346      0.2360      0.0124
49      A         B           49           HIS            0.00           297    177     11     6.332     4.960     1.000     0.1698      0.3112      0.2172      0.0112
50      A         B           50           THR            0.00           297    177     11     6.332     4.960     1.000     0.1793      0.3334      0.2351      0.0124
51      A         B           51           PRO            0.00           297    177     12     6.332     4.960     1.000     0.1808      0.3353      0.2366      0.0125
52      A         B           52           PRO            0.00           297    177     12     6.332     4.960     1.000     0.1843      0.3457      0.2451      0.0131
53      A         B           53           LEU            0.00           297    177     13     6.332     4.960     1.000     0.1891      0.3490      0.2479      0.0133
54      A         B           54           ASP            0.00           297    177     13     6.332     4.960     1.000     0.1855      0.3462      0.2456      0.0131
55      A         B           55           PRO            0.00           297    177     11     6.332     4.960     1.000     0.1756      0.3303      0.2325      0.0122
56      A         B           56           GLN            0.00           297    177     11     6.332     4.960     1.000     0.1755      0.3227      0.2264      0.0118
57      A         B           57           GLU            0.00           297    177     11     6.332     4.960     1.000     0.1748      0.3273      0.2301      0.0120
58      A         B           58           LEU            0.00           297    177     14     6.332     4.960     1.000     0.1875      0.3455      0.2450      0.0131
59      A         B           59           ASP            0.00           297    177     15     6.332     4.960     1.000     0.1908      0.3467      0.2462      0.0132
60      A         B           60           ILE            0.00           297    177     14     6.332     4.960     1.000     0.1871      0.3419      0.2421      0.0129
61      A         B           61           LEU            0.00           297    177     13     6.332     4.960     1.000     0.1877      0.3498      0.2486      0.0133
62      A         B           62           LYS            0.00           297    177     15     6.332     4.960     1.000     0.1902      0.3439      0.2439      0.0130
63      A         B           63           THR            0.00           297    177     11     6.332     4.960     1.000     0.1789      0.3253      0.2284      0.0119
64      A         B           64           VAL            0.00           297    177     12     6.332     4.960     1.000     0.1830      0.3392      0.2398      0.0127
65      A         B           65           LYS            0.00           297    177     13     6.332     4.960     1.000     0.1864      0.3407      0.2411      0.0128
66      A         B           66           GLU            0.00           297    177     15     6.332     4.960     1.000     0.1958      0.3605      0.2576      0.0140
67      A         B           67           ILE            0.00           297    177     14     6.332     4.960     1.000     0.1965      0.3716      0.2669      0.0147
68      A         B           68           THR            0.00           297    177     14     6.332     4.960     1.000     0.1894      0.3411      0.2415      0.0128
69      A         B           69           GLY            0.00           297    177     14     6.332     4.960     1.000     0.1957      0.3579      0.2553      0.0138
70      A         B           70           PHE            0.00           297    177     18     6.332     4.960     1.000     0.2000      0.3608      0.2581      0.0141
71      A         B           71           LEU            0.00           297    177     23     6.332     4.960     1.000     0.2070      0.3559      0.2544      0.0139
72      A         B           72           LEU            0.00           297    177     20     6.332     4.960     1.000     0.2040      0.3611      0.2585      0.0141
73      A         B           73           ILE            0.00           297    177     23     6.332     4.960     1.000     0.2038      0.3499      0.2493      0.0135
74      A         B           74           GLN            0.00           297    177     16     6.332     4.960     1.000     0.1963      0.3528      0.2511      0.0135
75      A         B           75           ALA            0.00           297    177     17     6.332     4.960     1.000     0.2007      0.3611      0.2584      0.0141
76      A         B           76           TRP            0.00           297    177     15     6.332     4.960     1.000     0.1977      0.3673      0.2633      0.0144
77      A         B           77           PRO            0.00           297    177     11     6.332     4.960     1.000     0.1795      0.3490      0.2478      0.0133
78      A         B           78           GLU            0.00           297    177      4     6.332     4.960     1.000     0.1535      0.2933      0.2030      0.0102
79      A         B           79           ASN            0.00           297    177      6     6.332     4.960     1.000     0.1537      0.2947      0.2041      0.0103
80      A         B           80           ARG            0.00           297    177      5     6.332     4.960     1.000     0.1617      0.2983      0.2069      0.0105
81      A         B           81           THR            0.00           297    177      2     6.332     4.960     1.000     0.1565      0.2892      0.1998      0.0100
82      A         B           82           ASP            0.00           297    177      9     6.332     4.960     1.000     0.1762      0.3250      0.2281      0.0119
83      A         B           83           LEU            0.00           297    177     13     6.332     4.960     1.000     0.1838      0.3363      0.2375      0.0126
84      A         B           84           HIS            0.00           297    177      7     6.332     4.960     1.000     0.1692      0.3074      0.2141      0.0110
85      A         B           85           ALA            0.00           297    177     11     6.332     4.960     1.000     0.1804      0.3290      0.2315      0.0121
86      A         B           86           PHE            0.00           297    177     15     6.332     4.960     1.000     0.1906      0.3474      0.2467      0.0132
87      A         B           87           GLU            0.00           297    177     15     6.332     4.960     1.000     0.1929      0.3542      0.2524      0.0136
88      A         B           88           ASN            0.00           297    177     13     6.332     4.960     1.000     0.1859      0.3397      0.2403      0.0127
89      A         B           89           LEU            0.00           297    177     13     6.332     4.960     1.000     0.1854      0.3438      0.2437      0.0130
90      A         B           90           GLU            0.00           297    177     14     6.332     4.960     1.000     0.1871      0.3445      0.2443      0.0130
91      A         B           91           ILE            0.00           297    177     14     6.332     4.960     1.000     0.1874      0.3493      0.2483      0.0133
92      A         B           92           ILE            0.00           297    177     14     6.332     4.960     1.000     0.1943      0.3639      0.2604      0.0142
93      A         B           93           ARG            0.00           297    177     14     6.332     4.960     1.000     0.1899      0.3451      0.2447      0.0131
94      A         B           94           GLY            0.00           297    177     14     6.332     4.960     1.000     0.1902      0.3460      0.2455      0.0131
95      A         B           95           ARG            0.00           297    177     14     6.332     4.960     1.000     0.1923      0.3511      0.2497      0.0134
96      A         B           96           THR            0.00           297    177     16     6.332     4.960     1.000     0.1959      0.3523      0.2510      0.0136
97      A         B           97           LYS            0.00           297    177     15     6.332     4.960     1.000     0.1984      0.3673      0.2633      0.0144
98      A         B           98           GLN            0.00           297    177     16     6.332     4.960     1.000     0.1908      0.3511      0.2498      0.0135
99      A         B           99           HIS            0.00           297    177      8     6.332     4.960     1.000     0.1688      0.3164      0.2213      0.0114
100     A         B          100           GLY            0.00           297    177     11     6.332     4.960     1.000     0.1753      0.3223      0.2261      0.0118
101     A         B          101           GLN            0.00           297    177     12     6.332     4.960     1.000     0.1839      0.3351      0.2365      0.0125
102     A         B          102           PHE            0.00           297    177     16     6.332     4.960     1.000     0.1963      0.3553      0.2534      0.0137
103     A         B          103           SER            0.00           297    177     22     6.332     4.960     1.000     0.2053      0.3526      0.2516      0.0137
104     A         B          104           LEU            0.00           297    177     21     6.332     4.960     1.000     0.2047      0.3607      0.2584      0.0142
105     A         B          105           ALA            0.00           297    177     20     6.332     4.960     1.000     0.2063      0.3653      0.2622      0.0144
106     A         B          106           VAL            0.00           297    177     19     6.332     4.960     1.000     0.1998      0.3565      0.2546      0.0139
107     A         B          107           VAL            0.00           297    177     16     6.332     4.960     1.000     0.1957      0.3614      0.2585      0.0141
108     A         B          108           SER            0.00           297    177     16     6.332     4.960     1.000     0.1911      0.3406      0.2412      0.0128
109     A         B          109           LEU            0.00           297    177     17     6.332     4.960     1.000     0.1994      0.3634      0.2603      0.0143
110     A         B          110           ASN            0.00           297    177     16     6.332     4.960     1.000     0.1944      0.3566      0.2546      0.0138
111     A         B          111           ILE            0.00           297    177     16     6.332     4.960     1.000     0.1987      0.3571      0.2549      0.0138
112     A         B          112           THR            0.00           297    177     14     6.332     4.960     1.000     0.1900      0.3473      0.2466      0.0132
113     A         B          113           SER            0.00           297    177     11     6.332     4.960     1.000     0.1800      0.3293      0.2317      0.0121
114     A         B          114           LEU            0.00           297    177     12     6.332     4.960     1.000     0.1818      0.3344      0.2359      0.0124
115     A         B          115           GLY            0.00           297    177      8     6.332     4.960     1.000     0.1728      0.3190      0.2233      0.0116
116     A         B          116           LEU            0.00           297    177     12     6.332     4.960     1.000     0.1797      0.3340      0.2356      0.0124
117     A         B          117           ARG            0.00           297    177     11     6.332     4.960     1.000     0.1808      0.3378      0.2386      0.0126
118     A         B          118           SER            0.00           297    177     11     6.332     4.960     1.000     0.1814      0.3351      0.2364      0.0125
119     A         B          119           LEU            0.00           297    177     11     6.332     4.960     1.000     0.1778      0.3281      0.2307      0.0121
120     A         B          120           LYS            0.00           297    177      9     6.332     4.960     1.000     0.1701      0.3077      0.2143      0.0110
121     A         B          121           GLU            0.00           297    177     15     6.332     4.960     1.000     0.1923      0.3542      0.2523      0.0136
122     A         B          122           ILE            0.00           297    177     14     6.332     4.960     1.000     0.1925      0.3595      0.2567      0.0139
123     A         B          123           SER            0.00           297    177     14     6.332     4.960     1.000     0.1937      0.3510      0.2495      0.0134
124     A         B          124           ASP            0.00           297    177     18     6.332     4.960     1.000     0.1975      0.3516      0.2505      0.0135
125     A         B          125           GLY            0.00           297    177     14     6.332     4.960     1.000     0.1951      0.3533      0.2515      0.0135
126     A         B          126           ASP            0.00           297    177     22     6.332     4.960     1.000     0.2034      0.3514      0.2506      0.0136
127     A         B          127           VAL            0.00           297    177     22     6.332     4.960     1.000     0.2051      0.3605      0.2583      0.0142
128     A         B          128           ILE            0.00           297    177     16     6.332     4.960     1.000     0.1979      0.3616      0.2587      0.0141
129     A         B          129           ILE            0.00           297    177     19     6.332     4.960     1.000     0.1991      0.3559      0.2542      0.0138
130     A         B          130           SER            0.00           297    177     14     6.332     4.960     1.000     0.1883      0.3419      0.2422      0.0129
131     A         B          131           GLY            0.00           297    177     12     6.332     4.960     1.000     0.1831      0.3341      0.2357      0.0124
132     A         B          132           ASN            0.00           297    177     14     6.332     4.960     1.000     0.1972      0.3674      0.2634      0.0144
133     A         B          133           LYS            0.00           297    177     16     6.332     4.960     1.000     0.1928      0.3571      0.2550      0.0139
134     A         B          134           ASN            0.00           297    177     14     6.332     4.960     1.000     0.1895      0.3469      0.2462      0.0132
135     A         B          135           LEU            0.00           297    177     12     6.332     4.960     1.000     0.1771      0.3257      0.2289      0.0120
136     A         B          136           CYS            0.00           297    177      0     6.332     4.960     1.000     0.1423      0.0000      0.0000      0.0000
137     A         B          137           TYR            0.00           297    177      0     6.332     4.960     1.000     0.1194      0.0000      0.0000      0.0000
138     A         B          138           ALA            0.00           297    177      0     6.332     4.960     1.000     0.1289      0.0000      0.0000      0.0000
139     A         B          139           ASN            0.00           297    177      0     6.332     4.960     1.000     0.1300      0.0000      0.0000      0.0000
140     A         B          140           THR            0.00           297    177      0     6.332     4.960     1.000     0.1303      0.0000      0.0000      0.0000
141     A         B          141           ILE            0.00           297    177      0     6.332     4.960     1.000     0.1361      0.0000      0.0000      0.0000
142     A         B          142           ASN            0.00           297    177      0     6.332     4.960     1.000     0.1455      0.0000      0.0000      0.0000
143     A         B          143           TRP            0.00           297    177      5     6.332     4.960     1.000     0.1616      0.3115      0.2173      0.0112
144     A         B          144           LYS            0.00           297    177      8     6.332     4.960     1.000     0.1658      0.3080      0.2146      0.0110
145     A         B          145           LYS            0.00           297    177      5     6.332     4.960     1.000     0.1635      0.3012      0.2092      0.0106
146     A         B          146           LEU            0.00           297    177     10     6.332     4.960     1.000     0.1738      0.3206      0.2246      0.0117
147     A         B          147           PHE            0.00           297    177     11     6.332     4.960     1.000     0.1713      0.3175      0.2223      0.0115
148     A         B          148           GLY            0.00           297    177      0     6.332     4.960     1.000     0.1502      0.0000      0.0000      0.0000
149     A         B          149           THR            0.00           297    177      0     6.332     4.960     1.000     0.1377      0.0000      0.0000      0.0000
150     A         B          150           SER            0.00           297    177      0     6.332     4.960     1.000     0.1329      0.0000      0.0000      0.0000
151     A         B          151           GLY            0.00           297    177      5     6.332     4.960     1.000     0.1546      0.2998      0.2081      0.0106
152     A         B          152           GLN            0.00           297    177     12     6.332     4.960     1.000     0.1774      0.3246      0.2280      0.0119
153     A         B          153           LYS            0.00           297    177     13     6.332     4.960     1.000     0.1793      0.3284      0.2311      0.0121
154     A         B          154           THR            0.00           297    177     14     6.332     4.960     1.000     0.1917      0.3574      0.2549      0.0138
155     A         B          155           LYS            0.00           297    177     14     6.332     4.960     1.000     0.1881      0.3496      0.2485      0.0133
156     A         B          156           ILE            0.00           297    177     14     6.332     4.960     1.000     0.1903      0.3549      0.2528      0.0136
157     A         B          157           ILE            0.00           297    177     10     6.332     4.960     1.000     0.1733      0.3189      0.2234      0.0116
158     A         B          158           SER            0.00           297    177      5     6.332     4.960     1.000     0.1670      0.3075      0.2142      0.0110
159     A         B          159           ASN            0.00           297    177      9     6.332     4.960     1.000     0.1727      0.3213      0.2252      0.0117
160     A         B          160           ARG            0.00           297    177      1     6.332     4.960     1.000     0.1512      0.2892      0.1998      0.0100
161     A         B          161           GLY            0.00           297    177      0     6.332     4.960     1.000     0.1166      0.0000      0.0000      0.0000
162     A         B          162           GLU            0.00           297    177      0     6.332     4.960     1.000     0.1119      0.0000      0.0000      0.0000
163     A         B          163           ASN            0.00           297    177      0     6.332     4.960     1.000     0.1037      0.0000      0.0000      0.0000
164     A         B          164           SER            0.00           297    177      0     6.332     4.960     1.000     0.1009      0.0000      0.0000      0.0000
165     A         B          165           CYS            0.00           297    177      0     6.332     4.960     1.000     0.1055      0.0000      0.0000      0.0000
166     A         B          166           LYS            0.00           297    177      0     6.332     4.960     1.000     0.0758      0.0000      0.0000      0.0000
167     A         B          167           ALA            0.00           297    177      0     6.332     4.960     1.000     0.0608      0.0000      0.0000      0.0000
168     A         B          168           THR            0.00           297    177      0     6.332     4.960     1.000     0.0520      0.0000      0.0000      0.0000
169     A         B          169           GLY            0.00           297    177      0     6.332     4.960     1.000     0.0476      0.0000      0.0000      0.0000
170     A         B          170           GLN            0.00           297    177      0     6.332     4.960     1.000     0.0441      0.0000      0.0000      0.0000
171     B         A            1           GLU            0.00           297      0      0     6.332     1.000     1.000     0.0714      0.0000      0.0000      0.0000
172     B         A            2           VAL            0.00           297      0      0     6.332     1.000     1.000     0.0960      0.0000      0.0000      0.0000
173     B         A            3           GLN            0.00           297      0      0     6.332     1.000     1.000     0.1063      0.0000      0.0000      0.0000
174     B         A            4           LEU            0.00           297      0      0     6.332     1.000     1.000     0.1078      0.0000      0.0000      0.0000
175     B         A            5           LEU            0.00           297      0      0     6.332     1.000     1.000     0.1132      0.0000      0.0000      0.0000
176     B         A            6           GLU            0.00           297      0      0     6.332     1.000     1.000     0.1072      0.0000      0.0000      0.0000
177     B         A            7           SER            0.00           297      0      0     6.332     1.000     1.000     0.1086      0.0000      0.0000      0.0000
178     B         A            8           GLY            0.00           297      0      0     6.332     1.000     1.000     0.1028      0.0000      0.0000      0.0000
179     B         A            9           GLY            0.00           297      0      0     6.332     1.000     1.000     0.0995      0.0000      0.0000      0.0000
180     B         A           10           GLY            0.00           297      0      0     6.332     1.000     1.000     0.1054      0.0000      0.0000      0.0000
181     B         A           11           VAL            0.00           297      0      0     6.332     1.000     1.000     0.1076      0.0000      0.0000      0.0000
182     B         A           12           VAL            0.00           297      0      0     6.332     1.000     1.000     0.1056      0.0000      0.0000      0.0000
183     B         A           13           LYS            0.00           297      0      0     6.332     1.000     1.000     0.1070      0.0000      0.0000      0.0000
184     B         A           14           PRO            0.00           297      0      0     6.332     1.000     1.000     0.1083      0.0000      0.0000      0.0000
185     B         A           15           GLY            0.00           297      0      0     6.332     1.000     1.000     0.1089      0.0000      0.0000      0.0000
186     B         A           16           GLY            0.00           297      0      0     6.332     1.000     1.000     0.1113      0.0000      0.0000      0.0000
187     B         A           17           SER            0.00           297      0      0     6.332     1.000     1.000     0.1164      0.0000      0.0000      0.0000
188     B         A           18           LEU            0.00           297      0      0     6.332     1.000     1.000     0.1153      0.0000      0.0000      0.0000
189     B         A           19           ARG            0.00           297      0      0     6.332     1.000     1.000     0.1168      0.0000      0.0000      0.0000
190     B         A           20           LEU            0.00           297      0      0     6.332     1.000     1.000     0.1161      0.0000      0.0000      0.0000
191     B         A           21           SER            0.00           297      0      0     6.332     1.000     1.000     0.1158      0.0000      0.0000      0.0000
192     B         A           22           CYS            0.00           297      0      0     6.332     1.000     1.000     0.1125      0.0000      0.0000      0.0000
193     B         A           23           ALA            0.00           297      0      0     6.332     1.000     1.000     0.1076      0.0000      0.0000      0.0000
194     B         A           24           ALA            0.00           297      0      0     6.332     1.000     1.000     0.0995      0.0000      0.0000      0.0000
195     B         A           25           SER            0.00           297      0      0     6.332     1.000     1.000     0.0897      0.0000      0.0000      0.0000
196     B         A           26           GLY            0.00           297      0      0     6.332     1.000     1.000     0.0880      0.0000      0.0000      0.0000
197     B         A           27           ARG            0.00           297      0      0     6.332     1.000     1.000     0.0861      0.0000      0.0000      0.0000
198     B         A           28           THR            0.00           297      0      0     6.332     1.000     1.000     0.0824      0.0000      0.0000      0.0000
199     B         A           29           PHE            0.00           297      0      0     6.332     1.000     1.000     0.0818      0.0000      0.0000      0.0000
200     B         A           30           SER            0.00           297      0      0     6.332     1.000     1.000     0.0919      0.0000      0.0000      0.0000
201     B         A           31           SER            0.00           297      0      0     6.332     1.000     1.000     0.0917      0.0000      0.0000      0.0000
202     B         A           32           TYR            0.00           297      0      0     6.332     1.000     1.000     0.0903      0.0000      0.0000      0.0000
203     B         A           33           ALA            0.00           297      0      0     6.332     1.000     1.000     0.1081      0.0000      0.0000      0.0000
204     B         A           34           MET            0.00           297      0      0     6.332     1.000     1.000     0.1145      0.0000      0.0000      0.0000
205     B         A           35           GLY            0.00           297      0      0     6.332     1.000     1.000     0.1125      0.0000      0.0000      0.0000
206     B         A           36           TRP            0.00           297      0      0     6.332     1.000     1.000     0.1154      0.0000      0.0000      0.0000
207     B         A           37           PHE            0.00           297      0      0     6.332     1.000     1.000     0.1193      0.0000      0.0000      0.0000
208     B         A           38           ARG            0.00           297      0      0     6.332     1.000     1.000     0.1172      0.0000      0.0000      0.0000
209     B         A           39           GLN            0.00           297      0      0     6.332     1.000     1.000     0.1171      0.0000      0.0000      0.0000
210     B         A           40           ALA            0.00           297      0      0     6.332     1.000     1.000     0.1097      0.0000      0.0000      0.0000
211     B         A           41           PRO            0.00           297      0      0     6.332     1.000     1.000     0.0993      0.0000      0.0000      0.0000
212     B         A           42           GLY            0.00           297      0      0     6.332     1.000     1.000     0.0970      0.0000      0.0000      0.0000
213     B         A           43           LYS            0.00           297      0      0     6.332     1.000     1.000     0.1047      0.0000      0.0000      0.0000
214     B         A           44           GLY            0.00           297      0      0     6.332     1.000     1.000     0.1090      0.0000      0.0000      0.0000
215     B         A           45           LEU            0.00           297      0      0     6.332     1.000     1.000     0.1117      0.0000      0.0000      0.0000
216     B         A           46           GLU            0.00           297      0      0     6.332     1.000     1.000     0.1161      0.0000      0.0000      0.0000
217     B         A           47           TRP            0.00           297      0      0     6.332     1.000     1.000     0.1166      0.0000      0.0000      0.0000
218     B         A           48           VAL            0.00           297      0      0     6.332     1.000     1.000     0.1137      0.0000      0.0000      0.0000
219     B         A           49           SER            0.00           297      0      0     6.332     1.000     1.000     0.1165      0.0000      0.0000      0.0000
220     B         A           50           ALA            0.00           297      0      0     6.332     1.000     1.000     0.1151      0.0000      0.0000      0.0000
221     B         A           51           ILE            0.00           297      0      0     6.332     1.000     1.000     0.1144      0.0000      0.0000      0.0000
222     B         A           52           ASN            0.00           297      0      0     6.332     1.000     1.000     0.1051      0.0000      0.0000      0.0000
223     B         A           53           TRP            0.00           297      0      0     6.332     1.000     1.000     0.0928      0.0000      0.0000      0.0000
224     B         A           54           SER            0.00           297      0      0     6.332     1.000     1.000     0.0971      0.0000      0.0000      0.0000
225     B         A           55           SER            0.00           297      0      0     6.332     1.000     1.000     0.0995      0.0000      0.0000      0.0000
226     B         A           56           GLY            0.00           297      0      0     6.332     1.000     1.000     0.0935      0.0000      0.0000      0.0000
227     B         A           57           SER            0.00           297      0      0     6.332     1.000     1.000     0.1094      0.0000      0.0000      0.0000
228     B         A           58           THR            0.00           297      0      0     6.332     1.000     1.000     0.1141      0.0000      0.0000      0.0000
229     B         A           59           TYR            0.00           297      0      0     6.332     1.000     1.000     0.1153      0.0000      0.0000      0.0000
230     B         A           60           TYR            0.00           297      0      0     6.332     1.000     1.000     0.1153      0.0000      0.0000      0.0000
231     B         A           61           ALA            0.00           297      0      0     6.332     1.000     1.000     0.1175      0.0000      0.0000      0.0000
232     B         A           62           ASP            0.00           297      0      0     6.332     1.000     1.000     0.1158      0.0000      0.0000      0.0000
233     B         A           63           SER            0.00           297      0      0     6.332     1.000     1.000     0.1149      0.0000      0.0000      0.0000
234     B         A           64           VAL            0.00           297      0      0     6.332     1.000     1.000     0.1141      0.0000      0.0000      0.0000
235     B         A           65           LYS            0.00           297      0      0     6.332     1.000     1.000     0.1096      0.0000      0.0000      0.0000
236     B         A           66           GLY            0.00           297      0      0     6.332     1.000     1.000     0.1097      0.0000      0.0000      0.0000
237     B         A           67           ARG            0.00           297      0      0     6.332     1.000     1.000     0.1134      0.0000      0.0000      0.0000
238     B         A           68           PHE            0.00           297      0      0     6.332     1.000     1.000     0.1168      0.0000      0.0000      0.0000
239     B         A           69           THR            0.00           297      0      0     6.332     1.000     1.000     0.1191      0.0000      0.0000      0.0000
240     B         A           70           ILE            0.00           297      0      0     6.332     1.000     1.000     0.1164      0.0000      0.0000      0.0000
241     B         A           71           SER            0.00           297      0      0     6.332     1.000     1.000     0.1134      0.0000      0.0000      0.0000
242     B         A           72           ARG            0.00           297      0      0     6.332     1.000     1.000     0.1012      0.0000      0.0000      0.0000
243     B         A           73           ASP            0.00           297      0      0     6.332     1.000     1.000     0.1019      0.0000      0.0000      0.0000
244     B         A           74           ASP            0.00           297      0      0     6.332     1.000     1.000     0.0958      0.0000      0.0000      0.0000
245     B         A           75           ALA            0.00           297      0      0     6.332     1.000     1.000     0.0997      0.0000      0.0000      0.0000
246     B         A           76           LYS            0.00           297      0      0     6.332     1.000     1.000     0.1029      0.0000      0.0000      0.0000
247     B         A           77           ASN            0.00           297      0      0     6.332     1.000     1.000     0.1040      0.0000      0.0000      0.0000
248     B         A           78           SER            0.00           297      0      0     6.332     1.000     1.000     0.1108      0.0000      0.0000      0.0000
249     B         A           79           LEU            0.00           297      0      0     6.332     1.000     1.000     0.1101      0.0000      0.0000      0.0000
250     B         A           80           TYR            0.00           297      0      0     6.332     1.000     1.000     0.1156      0.0000      0.0000      0.0000
251     B         A           81           LEU            0.00           297      0      0     6.332     1.000     1.000     0.1142      0.0000      0.0000      0.0000
252     B         A           82           GLN            0.00           297      0      0     6.332     1.000     1.000     0.1185      0.0000      0.0000      0.0000
253     B         A           83           MET            0.00           297      0      0     6.332     1.000     1.000     0.1161      0.0000      0.0000      0.0000
254     B         A           84           ASN            0.00           297      0      0     6.332     1.000     1.000     0.1188      0.0000      0.0000      0.0000
255     B         A           85           SER            0.00           297      0      0     6.332     1.000     1.000     0.1146      0.0000      0.0000      0.0000
256     B         A           86           LEU            0.00           297      0      0     6.332     1.000     1.000     0.1117      0.0000      0.0000      0.0000
257     B         A           87           ARG            0.00           297      0      0     6.332     1.000     1.000     0.1109      0.0000      0.0000      0.0000
258     B         A           88           ALA            0.00           297      0      0     6.332     1.000     1.000     0.1108      0.0000      0.0000      0.0000
259     B         A           89           GLU            0.00           297      0      0     6.332     1.000     1.000     0.1151      0.0000      0.0000      0.0000
260     B         A           90           ASP            0.00           297      0      0     6.332     1.000     1.000     0.1146      0.0000      0.0000      0.0000
261     B         A           91           THR            0.00           297      0      0     6.332     1.000     1.000     0.1153      0.0000      0.0000      0.0000
262     B         A           92           ALA            0.00           297      0      0     6.332     1.000     1.000     0.1158      0.0000      0.0000      0.0000
263     B         A           93           VAL            0.00           297      0      0     6.332     1.000     1.000     0.1207      0.0000      0.0000      0.0000
264     B         A           94           TYR            0.00           297      0      0     6.332     1.000     1.000     0.1187      0.0000      0.0000      0.0000
265     B         A           95           TYR            0.00           297      0      0     6.332     1.000     1.000     0.1195      0.0000      0.0000      0.0000
266     B         A           96           CYS            0.00           297      0      0     6.332     1.000     1.000     0.1113      0.0000      0.0000      0.0000
267     B         A           97           ALA            0.00           297      0      0     6.332     1.000     1.000     0.1191      0.0000      0.0000      0.0000
268     B         A           98           ALA            0.00           297      0      0     6.332     1.000     1.000     0.1182      0.0000      0.0000      0.0000
269     B         A           99           GLY            0.00           297      0      0     6.332     1.000     1.000     0.1131      0.0000      0.0000      0.0000
270     B         A          100           TYR            0.00           297      0      0     6.332     1.000     1.000     0.1136      0.0000      0.0000      0.0000
271     B         A          101           GLN            0.00           297      0      0     6.332     1.000     1.000     0.0819      0.0000      0.0000      0.0000
272     B         A          102           ILE            0.00           297      0      0     6.332     1.000     1.000     0.0797      0.0000      0.0000      0.0000
273     B         A          103           ASN            0.00           297      0      0     6.332     1.000     1.000     0.0775      0.0000      0.0000      0.0000
274     B         A          104           SER            0.00           297      0      0     6.332     1.000     1.000     0.0748      0.0000      0.0000      0.0000
275     B         A          105           GLY            0.00           297      0      0     6.332     1.000     1.000     0.0714      0.0000      0.0000      0.0000
276     B         A          106           ASN            0.00           297      0      0     6.332     1.000     1.000     0.0600      0.0000      0.0000      0.0000
277     B         A          107           TYR            0.00           297      0      0     6.332     1.000     1.000     0.0660      0.0000      0.0000      0.0000
278     B         A          108           ASN            0.00           297      0      0     6.332     1.000     1.000     0.0664      0.0000      0.0000      0.0000
279     B         A          109           PHE            0.00           297      0      0     6.332     1.000     1.000     0.0695      0.0000      0.0000      0.0000
280     B         A          110           LYS            0.00           297      0      0     6.332     1.000     1.000     0.0876      0.0000      0.0000      0.0000
281     B         A          111           ASP            0.00           297      0      0     6.332     1.000     1.000     0.0940      0.0000      0.0000      0.0000
282     B         A          112           TYR            0.00           297      0      0     6.332     1.000     1.000     0.0884      0.0000      0.0000      0.0000
283     B         A          113           GLU            0.00           297      0      0     6.332     1.000     1.000     0.0988      0.0000      0.0000      0.0000
284     B         A          114           TYR            0.00           297      0      0     6.332     1.000     1.000     0.1053      0.0000      0.0000      0.0000
285     B         A          115           ASP            0.00           297      0      0     6.332     1.000     1.000     0.1111      0.0000      0.0000      0.0000
286     B         A          116           TYR            0.00           297      0      0     6.332     1.000     1.000     0.1152      0.0000      0.0000      0.0000
287     B         A          117           TRP            0.00           297      0      0     6.332     1.000     1.000     0.1139      0.0000      0.0000      0.0000
288     B         A          118           GLY            0.00           297      0      0     6.332     1.000     1.000     0.1139      0.0000      0.0000      0.0000
289     B         A          119           GLN            0.00           297      0      0     6.332     1.000     1.000     0.1113      0.0000      0.0000      0.0000
290     B         A          120           GLY            0.00           297      0      0     6.332     1.000     1.000     0.1121      0.0000      0.0000      0.0000
291     B         A          121           THR            0.00           297      0      0     6.332     1.000     1.000     0.1163      0.0000      0.0000      0.0000
292     B         A          122           LEU            0.00           297      0      0     6.332     1.000     1.000     0.1139      0.0000      0.0000      0.0000
293     B         A          123           VAL            0.00           297      0      0     6.332     1.000     1.000     0.1136      0.0000      0.0000      0.0000
294     B         A          124           THR            0.00           297      0      0     6.332     1.000     1.000     0.1129      0.0000      0.0000      0.0000
295     B         A          125           VAL            0.00           297      0      0     6.332     1.000     1.000     0.1044      0.0000      0.0000      0.0000
296     B         A          126           SER            0.00           297      0      0     6.332     1.000     1.000     0.0812      0.0000      0.0000      0.0000
297     B         A          127           SER            0.00           297      0      0     6.332     1.000     1.000     0.0576      0.0000      0.0000      0.0000
